Design 1
0 0 0 0 
0 0 0 0 
0 0 0 0 
0 0 0 0 

Design 2
0 0 0 0 
0 0 0 0 
1 1 1 1 
0 0 0 0 

Design 3
0 0 0 0 
1 1 1 1 
0 0 0 0 
0 0 0 0 

Design 4
0 0 0 0 
1 1 1 1 
1 1 1 1 
0 0 0 0 

Design 5
1 1 1 1 
0 0 0 0 
0 0 0 0 
0 0 0 0 

Design 6
1 1 1 1 
0 0 0 0 
1 1 1 1 
0 0 0 0 

Design 7
1 1 1 1 
1 1 1 1 
0 0 0 0 
0 0 0 0 

Design 8
1 1 1 1 
1 1 1 1 
1 1 1 1 
0 0 0 0 

Design 9
0 0 0 0 
0 0 0 0 
0 0 0 0 
0 0 0 0 

Design 10
0 0 0 0 
0 0 0 0 
0 0 0 0 
1 1 1 1 

Design 11
0 0 0 0 
0 0 0 0 
1 1 1 1 
0 0 0 0 

Design 12
0 0 0 0 
0 0 0 0 
1 1 1 1 
1 1 1 1 

Design 13
0 0 0 0 
1 1 1 1 
0 0 0 0 
0 0 0 0 

Design 14
0 0 0 0 
1 1 1 1 
0 0 0 0 
1 1 1 1 

Design 15
0 0 0 0 
1 1 1 1 
1 1 1 1 
0 0 0 0 

Design 16
0 0 0 0 
1 1 1 1 
1 1 1 1 
1 1 1 1 

Design 17
0 0 0 1 
0 0 0 1 
0 0 0 1 
0 0 0 1 

Design 18
0 0 1 0 
0 0 1 0 
0 0 1 0 
0 0 1 0 

Design 19
0 0 1 1 
0 0 1 1 
0 0 1 1 
0 0 1 1 

Design 20
0 1 0 0 
0 1 0 0 
0 1 0 0 
0 1 0 0 

Design 21
0 1 0 1 
0 1 0 1 
0 1 0 1 
0 1 0 1 

Design 22
0 1 1 0 
0 1 1 0 
0 1 1 0 
0 1 1 0 

Design 23
0 1 1 1 
0 1 1 1 
0 1 1 1 
0 1 1 1 

Design 24
1 0 0 0 
1 0 0 0 
1 0 0 0 
1 0 0 0 

Design 25
1 0 0 1 
1 0 0 1 
1 0 0 1 
1 0 0 1 

Design 26
1 0 1 0 
1 0 1 0 
1 0 1 0 
1 0 1 0 

Design 27
1 0 1 1 
1 0 1 1 
1 0 1 1 
1 0 1 1 

Design 28
1 1 0 0 
1 1 0 0 
1 1 0 0 
1 1 0 0 

Design 29
1 1 0 1 
1 1 0 1 
1 1 0 1 
1 1 0 1 

Design 30
1 1 1 0 
1 1 1 0 
1 1 1 0 
1 1 1 0 

Design 31
1 1 1 1 
0 0 0 0 
0 0 0 0 
0 0 0 0 

Design 32
1 1 1 1 
0 0 0 0 
0 0 0 0 
1 1 1 1 

Design 33
1 1 1 1 
0 0 0 0 
1 1 1 1 
0 0 0 0 

Design 34
1 1 1 1 
0 0 0 0 
1 1 1 1 
1 1 1 1 

Design 35
1 1 1 1 
1 1 1 1 
0 0 0 0 
0 0 0 0 

Design 36
1 1 1 1 
1 1 1 1 
0 0 0 0 
1 1 1 1 

Design 37
1 1 1 1 
1 1 1 1 
1 1 1 1 
0 0 0 0 

Design 38
1 1 1 1 
1 1 1 1 
1 1 1 1 
1 1 1 1 

