Design 1
0 0 1 1 
0 0 1 1 
0 0 1 1 
1 1 0 0 
1 1 0 0 
1 1 0 0 

Design 2
0 0 1 1 
0 0 1 1 
0 1 0 1 
1 0 1 0 
1 1 0 0 
1 1 0 0 

Design 3
0 0 1 1 
0 0 1 1 
0 1 1 0 
1 0 0 1 
1 1 0 0 
1 1 0 0 

Design 4
0 0 1 1 
0 1 0 1 
0 1 0 1 
1 0 1 0 
1 0 1 0 
1 1 0 0 

Design 5
0 0 1 1 
0 1 0 1 
0 1 1 0 
1 0 0 1 
1 0 1 0 
1 1 0 0 

Design 6
0 0 1 1 
0 1 1 0 
0 1 1 0 
1 0 0 1 
1 0 0 1 
1 1 0 0 

Design 7
0 1 0 1 
0 1 0 1 
0 1 0 1 
1 0 1 0 
1 0 1 0 
1 0 1 0 

Design 8
0 1 0 1 
0 1 0 1 
0 1 1 0 
1 0 0 1 
1 0 1 0 
1 0 1 0 

Design 9
0 1 0 1 
0 1 1 0 
0 1 1 0 
1 0 0 1 
1 0 0 1 
1 0 1 0 

Design 10
0 1 1 0 
0 1 1 0 
0 1 1 0 
1 0 0 1 
1 0 0 1 
1 0 0 1 

