Design 1
0 0 0 1 1 
0 0 0 1 1 
0 1 1 0 0 
1 0 1 0 0 
1 1 0 0 0 

Design 2
0 0 0 1 1 
0 0 1 0 1 
0 0 1 1 0 
1 1 0 0 0 
1 1 0 0 0 

Design 3
0 0 0 1 1 
0 0 1 0 1 
0 1 0 1 0 
1 0 1 0 0 
1 1 0 0 0 

Design 4
0 0 0 1 1 
0 0 1 0 1 
0 1 1 0 0 
1 0 0 1 0 
1 1 0 0 0 

Design 5
0 0 0 1 1 
0 0 1 1 0 
0 1 0 0 1 
1 0 1 0 0 
1 1 0 0 0 

Design 6
0 0 0 1 1 
0 0 1 1 0 
0 1 1 0 0 
1 0 0 0 1 
1 1 0 0 0 

Design 7
0 0 0 1 1 
0 1 0 0 1 
0 1 0 1 0 
1 0 1 0 0 
1 0 1 0 0 

Design 8
0 0 0 1 1 
0 1 0 0 1 
0 1 1 0 0 
1 0 0 1 0 
1 0 1 0 0 

Design 9
0 0 0 1 1 
0 1 0 1 0 
0 1 1 0 0 
1 0 0 0 1 
1 0 1 0 0 

Design 10
0 0 0 1 1 
0 1 1 0 0 
0 1 1 0 0 
1 0 0 0 1 
1 0 0 1 0 

Design 11
0 0 1 0 1 
0 0 1 0 1 
0 1 0 1 0 
1 0 0 1 0 
1 1 0 0 0 

Design 12
0 0 1 0 1 
0 0 1 1 0 
0 1 0 0 1 
1 0 0 1 0 
1 1 0 0 0 

Design 13
0 0 1 0 1 
0 0 1 1 0 
0 1 0 1 0 
1 0 0 0 1 
1 1 0 0 0 

Design 14
0 0 1 0 1 
0 1 0 0 1 
0 1 0 1 0 
1 0 0 1 0 
1 0 1 0 0 

Design 15
0 0 1 0 1 
0 1 0 0 1 
0 1 1 0 0 
1 0 0 1 0 
1 0 0 1 0 

Design 16
0 0 1 0 1 
0 1 0 1 0 
0 1 0 1 0 
1 0 0 0 1 
1 0 1 0 0 

Design 17
0 0 1 0 1 
0 1 0 1 0 
0 1 1 0 0 
1 0 0 0 1 
1 0 0 1 0 

Design 18
0 0 1 1 0 
0 0 1 1 0 
0 1 0 0 1 
1 0 0 0 1 
1 1 0 0 0 

Design 19
0 0 1 1 0 
0 1 0 0 1 
0 1 0 0 1 
1 0 0 1 0 
1 0 1 0 0 

Design 20
0 0 1 1 0 
0 1 0 0 1 
0 1 0 1 0 
1 0 0 0 1 
1 0 1 0 0 

Design 21
0 0 1 1 0 
0 1 0 0 1 
0 1 1 0 0 
1 0 0 0 1 
1 0 0 1 0 

Design 22
0 0 1 1 0 
0 1 0 1 0 
0 1 1 0 0 
1 0 0 0 1 
1 0 0 0 1 

Design 23
0 0 1 1 1 
0 0 1 1 1 
1 1 0 0 1 
1 1 0 1 0 
1 1 1 0 0 

Design 24
0 0 1 1 1 
0 1 0 1 1 
1 0 0 1 1 
1 1 1 0 0 
1 1 1 0 0 

Design 25
0 0 1 1 1 
0 1 0 1 1 
1 0 1 0 1 
1 1 0 1 0 
1 1 1 0 0 

Design 26
0 0 1 1 1 
0 1 0 1 1 
1 0 1 1 0 
1 1 0 0 1 
1 1 1 0 0 

Design 27
0 0 1 1 1 
0 1 1 0 1 
1 0 0 1 1 
1 1 0 1 0 
1 1 1 0 0 

Design 28
0 0 1 1 1 
0 1 1 0 1 
1 0 1 0 1 
1 1 0 1 0 
1 1 0 1 0 

Design 29
0 0 1 1 1 
0 1 1 0 1 
1 0 1 1 0 
1 1 0 0 1 
1 1 0 1 0 

Design 30
0 0 1 1 1 
0 1 1 1 0 
1 0 0 1 1 
1 1 0 0 1 
1 1 1 0 0 

Design 31
0 0 1 1 1 
0 1 1 1 0 
1 0 1 0 1 
1 1 0 0 1 
1 1 0 1 0 

Design 32
0 0 1 1 1 
0 1 1 1 0 
1 0 1 1 0 
1 1 0 0 1 
1 1 0 0 1 

Design 33
0 1 0 1 1 
0 1 0 1 1 
1 0 1 0 1 
1 0 1 1 0 
1 1 1 0 0 

Design 34
0 1 0 1 1 
0 1 1 0 1 
1 0 0 1 1 
1 0 1 1 0 
1 1 1 0 0 

Design 35
0 1 0 1 1 
0 1 1 0 1 
1 0 1 0 1 
1 0 1 1 0 
1 1 0 1 0 

Design 36
0 1 0 1 1 
0 1 1 0 1 
1 0 1 1 0 
1 0 1 1 0 
1 1 0 0 1 

Design 37
0 1 0 1 1 
0 1 1 1 0 
1 0 0 1 1 
1 0 1 0 1 
1 1 1 0 0 

Design 38
0 1 0 1 1 
0 1 1 1 0 
1 0 1 0 1 
1 0 1 0 1 
1 1 0 1 0 

Design 39
0 1 0 1 1 
0 1 1 1 0 
1 0 1 0 1 
1 0 1 1 0 
1 1 0 0 1 

Design 40
0 1 1 0 1 
0 1 1 0 1 
1 0 0 1 1 
1 0 1 1 0 
1 1 0 1 0 

Design 41
0 1 1 0 1 
0 1 1 1 0 
1 0 0 1 1 
1 0 0 1 1 
1 1 1 0 0 

Design 42
0 1 1 0 1 
0 1 1 1 0 
1 0 0 1 1 
1 0 1 0 1 
1 1 0 1 0 

Design 43
0 1 1 0 1 
0 1 1 1 0 
1 0 0 1 1 
1 0 1 1 0 
1 1 0 0 1 

Design 44
0 1 1 1 0 
0 1 1 1 0 
1 0 0 1 1 
1 0 1 0 1 
1 1 0 0 1 

