Design 1
0 0 1 1 
0 0 1 1 
1 1 0 0 
1 1 0 0 

Design 2
0 0 1 1 
0 1 0 1 
1 0 1 0 
1 1 0 0 

Design 3
0 0 1 1 
0 1 0 1 
1 1 0 0 
1 0 1 0 

Design 4
0 0 1 1 
0 1 1 0 
1 0 0 1 
1 1 0 0 

Design 5
0 0 1 1 
0 1 1 0 
1 1 0 0 
1 0 0 1 

Design 6
0 0 1 1 
1 0 0 1 
0 1 1 0 
1 1 0 0 

Design 7
0 0 1 1 
1 0 0 1 
1 1 0 0 
0 1 1 0 

Design 8
0 0 1 1 
1 0 1 0 
0 1 0 1 
1 1 0 0 

Design 9
0 0 1 1 
1 0 1 0 
1 1 0 0 
0 1 0 1 

Design 10
0 0 1 1 
1 1 0 0 
0 0 1 1 
1 1 0 0 

Design 11
0 0 1 1 
1 1 0 0 
0 1 0 1 
1 0 1 0 

Design 12
0 0 1 1 
1 1 0 0 
0 1 1 0 
1 0 0 1 

Design 13
0 0 1 1 
1 1 0 0 
1 0 0 1 
0 1 1 0 

Design 14
0 0 1 1 
1 1 0 0 
1 0 1 0 
0 1 0 1 

Design 15
0 0 1 1 
1 1 0 0 
1 1 0 0 
0 0 1 1 

Design 16
0 1 0 1 
0 0 1 1 
1 0 1 0 
1 1 0 0 

Design 17
0 1 0 1 
0 0 1 1 
1 1 0 0 
1 0 1 0 

Design 18
0 1 0 1 
0 1 0 1 
1 0 1 0 
1 0 1 0 

Design 19
0 1 0 1 
0 1 1 0 
1 0 0 1 
1 0 1 0 

Design 20
0 1 0 1 
0 1 1 0 
1 0 1 0 
1 0 0 1 

Design 21
0 1 0 1 
1 0 0 1 
0 1 1 0 
1 0 1 0 

Design 22
0 1 0 1 
1 0 0 1 
1 0 1 0 
0 1 1 0 

Design 23
0 1 0 1 
1 0 1 0 
0 0 1 1 
1 1 0 0 

Design 24
0 1 0 1 
1 0 1 0 
0 1 0 1 
1 0 1 0 

Design 25
0 1 0 1 
1 0 1 0 
0 1 1 0 
1 0 0 1 

Design 26
0 1 0 1 
1 0 1 0 
1 0 0 1 
0 1 1 0 

Design 27
0 1 0 1 
1 0 1 0 
1 0 1 0 
0 1 0 1 

Design 28
0 1 0 1 
1 0 1 0 
1 1 0 0 
0 0 1 1 

Design 29
0 1 0 1 
1 1 0 0 
0 0 1 1 
1 0 1 0 

Design 30
0 1 0 1 
1 1 0 0 
1 0 1 0 
0 0 1 1 

Design 31
0 1 1 0 
0 0 1 1 
1 0 0 1 
1 1 0 0 

Design 32
0 1 1 0 
0 0 1 1 
1 1 0 0 
1 0 0 1 

Design 33
0 1 1 0 
0 1 0 1 
1 0 0 1 
1 0 1 0 

Design 34
0 1 1 0 
0 1 0 1 
1 0 1 0 
1 0 0 1 

Design 35
0 1 1 0 
0 1 1 0 
1 0 0 1 
1 0 0 1 

Design 36
0 1 1 0 
1 0 0 1 
0 0 1 1 
1 1 0 0 

Design 37
0 1 1 0 
1 0 0 1 
0 1 0 1 
1 0 1 0 

Design 38
0 1 1 0 
1 0 0 1 
0 1 1 0 
1 0 0 1 

Design 39
0 1 1 0 
1 0 0 1 
1 0 0 1 
0 1 1 0 

Design 40
0 1 1 0 
1 0 0 1 
1 0 1 0 
0 1 0 1 

Design 41
0 1 1 0 
1 0 0 1 
1 1 0 0 
0 0 1 1 

Design 42
0 1 1 0 
1 0 1 0 
0 1 0 1 
1 0 0 1 

Design 43
0 1 1 0 
1 0 1 0 
1 0 0 1 
0 1 0 1 

Design 44
0 1 1 0 
1 1 0 0 
0 0 1 1 
1 0 0 1 

Design 45
0 1 1 0 
1 1 0 0 
1 0 0 1 
0 0 1 1 

Design 46
1 0 0 1 
0 0 1 1 
0 1 1 0 
1 1 0 0 

Design 47
1 0 0 1 
0 0 1 1 
1 1 0 0 
0 1 1 0 

Design 48
1 0 0 1 
0 1 0 1 
0 1 1 0 
1 0 1 0 

Design 49
1 0 0 1 
0 1 0 1 
1 0 1 0 
0 1 1 0 

Design 50
1 0 0 1 
0 1 1 0 
0 0 1 1 
1 1 0 0 

Design 51
1 0 0 1 
0 1 1 0 
0 1 0 1 
1 0 1 0 

Design 52
1 0 0 1 
0 1 1 0 
0 1 1 0 
1 0 0 1 

Design 53
1 0 0 1 
0 1 1 0 
1 0 0 1 
0 1 1 0 

Design 54
1 0 0 1 
0 1 1 0 
1 0 1 0 
0 1 0 1 

Design 55
1 0 0 1 
0 1 1 0 
1 1 0 0 
0 0 1 1 

Design 56
1 0 0 1 
1 0 0 1 
0 1 1 0 
0 1 1 0 

Design 57
1 0 0 1 
1 0 1 0 
0 1 0 1 
0 1 1 0 

Design 58
1 0 0 1 
1 0 1 0 
0 1 1 0 
0 1 0 1 

Design 59
1 0 0 1 
1 1 0 0 
0 0 1 1 
0 1 1 0 

Design 60
1 0 0 1 
1 1 0 0 
0 1 1 0 
0 0 1 1 

Design 61
1 0 1 0 
0 0 1 1 
0 1 0 1 
1 1 0 0 

Design 62
1 0 1 0 
0 0 1 1 
1 1 0 0 
0 1 0 1 

Design 63
1 0 1 0 
0 1 0 1 
0 0 1 1 
1 1 0 0 

Design 64
1 0 1 0 
0 1 0 1 
0 1 0 1 
1 0 1 0 

Design 65
1 0 1 0 
0 1 0 1 
0 1 1 0 
1 0 0 1 

Design 66
1 0 1 0 
0 1 0 1 
1 0 0 1 
0 1 1 0 

Design 67
1 0 1 0 
0 1 0 1 
1 0 1 0 
0 1 0 1 

Design 68
1 0 1 0 
0 1 0 1 
1 1 0 0 
0 0 1 1 

Design 69
1 0 1 0 
0 1 1 0 
0 1 0 1 
1 0 0 1 

Design 70
1 0 1 0 
0 1 1 0 
1 0 0 1 
0 1 0 1 

Design 71
1 0 1 0 
1 0 0 1 
0 1 0 1 
0 1 1 0 

Design 72
1 0 1 0 
1 0 0 1 
0 1 1 0 
0 1 0 1 

Design 73
1 0 1 0 
1 0 1 0 
0 1 0 1 
0 1 0 1 

Design 74
1 0 1 0 
1 1 0 0 
0 0 1 1 
0 1 0 1 

Design 75
1 0 1 0 
1 1 0 0 
0 1 0 1 
0 0 1 1 

Design 76
1 1 0 0 
0 0 1 1 
0 0 1 1 
1 1 0 0 

Design 77
1 1 0 0 
0 0 1 1 
0 1 0 1 
1 0 1 0 

Design 78
1 1 0 0 
0 0 1 1 
0 1 1 0 
1 0 0 1 

Design 79
1 1 0 0 
0 0 1 1 
1 0 0 1 
0 1 1 0 

Design 80
1 1 0 0 
0 0 1 1 
1 0 1 0 
0 1 0 1 

Design 81
1 1 0 0 
0 0 1 1 
1 1 0 0 
0 0 1 1 

Design 82
1 1 0 0 
0 1 0 1 
0 0 1 1 
1 0 1 0 

Design 83
1 1 0 0 
0 1 0 1 
1 0 1 0 
0 0 1 1 

Design 84
1 1 0 0 
0 1 1 0 
0 0 1 1 
1 0 0 1 

Design 85
1 1 0 0 
0 1 1 0 
1 0 0 1 
0 0 1 1 

Design 86
1 1 0 0 
1 0 0 1 
0 0 1 1 
0 1 1 0 

Design 87
1 1 0 0 
1 0 0 1 
0 1 1 0 
0 0 1 1 

Design 88
1 1 0 0 
1 0 1 0 
0 0 1 1 
0 1 0 1 

Design 89
1 1 0 0 
1 0 1 0 
0 1 0 1 
0 0 1 1 

Design 90
1 1 0 0 
1 1 0 0 
0 0 1 1 
0 0 1 1 

