Design 1
0 0 0 1 1 
0 0 1 0 1 
1 1 0 0 0 

Design 2
0 0 0 1 1 
0 0 1 1 0 
1 1 0 0 0 

Design 3
0 0 0 1 1 
0 1 0 0 1 
1 0 1 0 0 

Design 4
0 0 0 1 1 
0 1 0 1 0 
1 0 1 0 0 

Design 5
0 0 0 1 1 
0 1 1 0 0 
1 0 0 0 1 

Design 6
0 0 0 1 1 
0 1 1 0 0 
1 0 0 1 0 

Design 7
0 0 0 1 1 
0 1 1 0 0 
1 0 1 0 0 

Design 8
0 0 0 1 1 
0 1 1 0 0 
1 1 0 0 0 

Design 9
0 0 0 1 1 
1 0 0 0 1 
0 1 1 0 0 

Design 10
0 0 0 1 1 
1 0 0 1 0 
0 1 1 0 0 

Design 11
0 0 0 1 1 
1 0 1 0 0 
0 1 0 0 1 

Design 12
0 0 0 1 1 
1 0 1 0 0 
0 1 0 1 0 

Design 13
0 0 0 1 1 
1 0 1 0 0 
0 1 1 0 0 

Design 14
0 0 0 1 1 
1 0 1 0 0 
1 1 0 0 0 

Design 15
0 0 0 1 1 
1 1 0 0 0 
0 0 1 0 1 

Design 16
0 0 0 1 1 
1 1 0 0 0 
0 0 1 1 0 

Design 17
0 0 0 1 1 
1 1 0 0 0 
0 1 1 0 0 

Design 18
0 0 0 1 1 
1 1 0 0 0 
1 0 1 0 0 

Design 19
0 0 1 0 1 
0 0 0 1 1 
1 1 0 0 0 

Design 20
0 0 1 0 1 
0 0 1 1 0 
1 1 0 0 0 

Design 21
0 0 1 0 1 
0 1 0 0 1 
1 0 0 1 0 

Design 22
0 0 1 0 1 
0 1 0 1 0 
1 0 0 0 1 

Design 23
0 0 1 0 1 
0 1 0 1 0 
1 0 0 1 0 

Design 24
0 0 1 0 1 
0 1 0 1 0 
1 0 1 0 0 

Design 25
0 0 1 0 1 
0 1 0 1 0 
1 1 0 0 0 

Design 26
0 0 1 0 1 
0 1 1 0 0 
1 0 0 1 0 

Design 27
0 0 1 0 1 
1 0 0 0 1 
0 1 0 1 0 

Design 28
0 0 1 0 1 
1 0 0 1 0 
0 1 0 0 1 

Design 29
0 0 1 0 1 
1 0 0 1 0 
0 1 0 1 0 

Design 30
0 0 1 0 1 
1 0 0 1 0 
0 1 1 0 0 

Design 31
0 0 1 0 1 
1 0 0 1 0 
1 1 0 0 0 

Design 32
0 0 1 0 1 
1 0 1 0 0 
0 1 0 1 0 

Design 33
0 0 1 0 1 
1 1 0 0 0 
0 0 0 1 1 

Design 34
0 0 1 0 1 
1 1 0 0 0 
0 0 1 1 0 

Design 35
0 0 1 0 1 
1 1 0 0 0 
0 1 0 1 0 

Design 36
0 0 1 0 1 
1 1 0 0 0 
1 0 0 1 0 

Design 37
0 0 1 1 0 
0 0 0 1 1 
1 1 0 0 0 

Design 38
0 0 1 1 0 
0 0 1 0 1 
1 1 0 0 0 

Design 39
0 0 1 1 0 
0 1 0 0 1 
1 0 0 0 1 

Design 40
0 0 1 1 0 
0 1 0 0 1 
1 0 0 1 0 

Design 41
0 0 1 1 0 
0 1 0 0 1 
1 0 1 0 0 

Design 42
0 0 1 1 0 
0 1 0 0 1 
1 1 0 0 0 

Design 43
0 0 1 1 0 
0 1 0 1 0 
1 0 0 0 1 

Design 44
0 0 1 1 0 
0 1 1 0 0 
1 0 0 0 1 

Design 45
0 0 1 1 0 
1 0 0 0 1 
0 1 0 0 1 

Design 46
0 0 1 1 0 
1 0 0 0 1 
0 1 0 1 0 

Design 47
0 0 1 1 0 
1 0 0 0 1 
0 1 1 0 0 

Design 48
0 0 1 1 0 
1 0 0 0 1 
1 1 0 0 0 

Design 49
0 0 1 1 0 
1 0 0 1 0 
0 1 0 0 1 

Design 50
0 0 1 1 0 
1 0 1 0 0 
0 1 0 0 1 

Design 51
0 0 1 1 0 
1 1 0 0 0 
0 0 0 1 1 

Design 52
0 0 1 1 0 
1 1 0 0 0 
0 0 1 0 1 

Design 53
0 0 1 1 0 
1 1 0 0 0 
0 1 0 0 1 

Design 54
0 0 1 1 0 
1 1 0 0 0 
1 0 0 0 1 

Design 55
0 0 1 1 1 
0 1 0 1 1 
1 1 1 0 0 

Design 56
0 0 1 1 1 
0 1 1 0 1 
1 1 0 1 0 

Design 57
0 0 1 1 1 
0 1 1 1 0 
1 1 0 0 1 

Design 58
0 0 1 1 1 
1 0 0 1 1 
1 1 1 0 0 

Design 59
0 0 1 1 1 
1 0 1 0 1 
1 1 0 1 0 

Design 60
0 0 1 1 1 
1 0 1 1 0 
1 1 0 0 1 

Design 61
0 0 1 1 1 
1 1 0 0 1 
0 1 1 1 0 

Design 62
0 0 1 1 1 
1 1 0 0 1 
1 0 1 1 0 

Design 63
0 0 1 1 1 
1 1 0 0 1 
1 1 0 1 0 

Design 64
0 0 1 1 1 
1 1 0 0 1 
1 1 1 0 0 

Design 65
0 0 1 1 1 
1 1 0 1 0 
0 1 1 0 1 

Design 66
0 0 1 1 1 
1 1 0 1 0 
1 0 1 0 1 

Design 67
0 0 1 1 1 
1 1 0 1 0 
1 1 0 0 1 

Design 68
0 0 1 1 1 
1 1 0 1 0 
1 1 1 0 0 

Design 69
0 0 1 1 1 
1 1 1 0 0 
0 1 0 1 1 

Design 70
0 0 1 1 1 
1 1 1 0 0 
1 0 0 1 1 

Design 71
0 0 1 1 1 
1 1 1 0 0 
1 1 0 0 1 

Design 72
0 0 1 1 1 
1 1 1 0 0 
1 1 0 1 0 

Design 73
0 1 0 0 1 
0 0 0 1 1 
1 0 1 0 0 

Design 74
0 1 0 0 1 
0 0 1 0 1 
1 0 0 1 0 

Design 75
0 1 0 0 1 
0 0 1 1 0 
1 0 0 0 1 

Design 76
0 1 0 0 1 
0 0 1 1 0 
1 0 0 1 0 

Design 77
0 1 0 0 1 
0 0 1 1 0 
1 0 1 0 0 

Design 78
0 1 0 0 1 
0 0 1 1 0 
1 1 0 0 0 

Design 79
0 1 0 0 1 
0 1 0 1 0 
1 0 1 0 0 

Design 80
0 1 0 0 1 
0 1 1 0 0 
1 0 0 1 0 

Design 81
0 1 0 0 1 
1 0 0 0 1 
0 0 1 1 0 

Design 82
0 1 0 0 1 
1 0 0 1 0 
0 0 1 0 1 

Design 83
0 1 0 0 1 
1 0 0 1 0 
0 0 1 1 0 

Design 84
0 1 0 0 1 
1 0 0 1 0 
0 1 1 0 0 

Design 85
0 1 0 0 1 
1 0 0 1 0 
1 0 1 0 0 

Design 86
0 1 0 0 1 
1 0 1 0 0 
0 0 0 1 1 

Design 87
0 1 0 0 1 
1 0 1 0 0 
0 0 1 1 0 

Design 88
0 1 0 0 1 
1 0 1 0 0 
0 1 0 1 0 

Design 89
0 1 0 0 1 
1 0 1 0 0 
1 0 0 1 0 

Design 90
0 1 0 0 1 
1 1 0 0 0 
0 0 1 1 0 

Design 91
0 1 0 1 0 
0 0 0 1 1 
1 0 1 0 0 

Design 92
0 1 0 1 0 
0 0 1 0 1 
1 0 0 0 1 

Design 93
0 1 0 1 0 
0 0 1 0 1 
1 0 0 1 0 

Design 94
0 1 0 1 0 
0 0 1 0 1 
1 0 1 0 0 

Design 95
0 1 0 1 0 
0 0 1 0 1 
1 1 0 0 0 

Design 96
0 1 0 1 0 
0 0 1 1 0 
1 0 0 0 1 

Design 97
0 1 0 1 0 
0 1 0 0 1 
1 0 1 0 0 

Design 98
0 1 0 1 0 
0 1 1 0 0 
1 0 0 0 1 

Design 99
0 1 0 1 0 
1 0 0 0 1 
0 0 1 0 1 

Design 100
0 1 0 1 0 
1 0 0 0 1 
0 0 1 1 0 

Design 101
0 1 0 1 0 
1 0 0 0 1 
0 1 1 0 0 

Design 102
0 1 0 1 0 
1 0 0 0 1 
1 0 1 0 0 

Design 103
0 1 0 1 0 
1 0 0 1 0 
0 0 1 0 1 

Design 104
0 1 0 1 0 
1 0 1 0 0 
0 0 0 1 1 

Design 105
0 1 0 1 0 
1 0 1 0 0 
0 0 1 0 1 

Design 106
0 1 0 1 0 
1 0 1 0 0 
0 1 0 0 1 

Design 107
0 1 0 1 0 
1 0 1 0 0 
1 0 0 0 1 

Design 108
0 1 0 1 0 
1 1 0 0 0 
0 0 1 0 1 

Design 109
0 1 0 1 1 
0 0 1 1 1 
1 1 1 0 0 

Design 110
0 1 0 1 1 
0 1 1 0 1 
1 0 1 1 0 

Design 111
0 1 0 1 1 
0 1 1 1 0 
1 0 1 0 1 

Design 112
0 1 0 1 1 
1 0 0 1 1 
1 1 1 0 0 

Design 113
0 1 0 1 1 
1 0 1 0 1 
0 1 1 1 0 

Design 114
0 1 0 1 1 
1 0 1 0 1 
1 0 1 1 0 

Design 115
0 1 0 1 1 
1 0 1 0 1 
1 1 0 1 0 

Design 116
0 1 0 1 1 
1 0 1 0 1 
1 1 1 0 0 

Design 117
0 1 0 1 1 
1 0 1 1 0 
0 1 1 0 1 

Design 118
0 1 0 1 1 
1 0 1 1 0 
1 0 1 0 1 

Design 119
0 1 0 1 1 
1 0 1 1 0 
1 1 0 0 1 

Design 120
0 1 0 1 1 
1 0 1 1 0 
1 1 1 0 0 

Design 121
0 1 0 1 1 
1 1 0 0 1 
1 0 1 1 0 

Design 122
0 1 0 1 1 
1 1 0 1 0 
1 0 1 0 1 

Design 123
0 1 0 1 1 
1 1 1 0 0 
0 0 1 1 1 

Design 124
0 1 0 1 1 
1 1 1 0 0 
1 0 0 1 1 

Design 125
0 1 0 1 1 
1 1 1 0 0 
1 0 1 0 1 

Design 126
0 1 0 1 1 
1 1 1 0 0 
1 0 1 1 0 

Design 127
0 1 1 0 0 
0 0 0 1 1 
1 0 0 0 1 

Design 128
0 1 1 0 0 
0 0 0 1 1 
1 0 0 1 0 

Design 129
0 1 1 0 0 
0 0 0 1 1 
1 0 1 0 0 

Design 130
0 1 1 0 0 
0 0 0 1 1 
1 1 0 0 0 

Design 131
0 1 1 0 0 
0 0 1 0 1 
1 0 0 1 0 

Design 132
0 1 1 0 0 
0 0 1 1 0 
1 0 0 0 1 

Design 133
0 1 1 0 0 
0 1 0 0 1 
1 0 0 1 0 

Design 134
0 1 1 0 0 
0 1 0 1 0 
1 0 0 0 1 

Design 135
0 1 1 0 0 
1 0 0 0 1 
0 0 0 1 1 

Design 136
0 1 1 0 0 
1 0 0 0 1 
0 0 1 1 0 

Design 137
0 1 1 0 0 
1 0 0 0 1 
0 1 0 1 0 

Design 138
0 1 1 0 0 
1 0 0 0 1 
1 0 0 1 0 

Design 139
0 1 1 0 0 
1 0 0 1 0 
0 0 0 1 1 

Design 140
0 1 1 0 0 
1 0 0 1 0 
0 0 1 0 1 

Design 141
0 1 1 0 0 
1 0 0 1 0 
0 1 0 0 1 

Design 142
0 1 1 0 0 
1 0 0 1 0 
1 0 0 0 1 

Design 143
0 1 1 0 0 
1 0 1 0 0 
0 0 0 1 1 

Design 144
0 1 1 0 0 
1 1 0 0 0 
0 0 0 1 1 

Design 145
0 1 1 0 1 
0 0 1 1 1 
1 1 0 1 0 

Design 146
0 1 1 0 1 
0 1 0 1 1 
1 0 1 1 0 

Design 147
0 1 1 0 1 
0 1 1 1 0 
1 0 0 1 1 

Design 148
0 1 1 0 1 
1 0 0 1 1 
0 1 1 1 0 

Design 149
0 1 1 0 1 
1 0 0 1 1 
1 0 1 1 0 

Design 150
0 1 1 0 1 
1 0 0 1 1 
1 1 0 1 0 

Design 151
0 1 1 0 1 
1 0 0 1 1 
1 1 1 0 0 

Design 152
0 1 1 0 1 
1 0 1 0 1 
1 1 0 1 0 

Design 153
0 1 1 0 1 
1 0 1 1 0 
0 1 0 1 1 

Design 154
0 1 1 0 1 
1 0 1 1 0 
1 0 0 1 1 

Design 155
0 1 1 0 1 
1 0 1 1 0 
1 1 0 0 1 

Design 156
0 1 1 0 1 
1 0 1 1 0 
1 1 0 1 0 

Design 157
0 1 1 0 1 
1 1 0 0 1 
1 0 1 1 0 

Design 158
0 1 1 0 1 
1 1 0 1 0 
0 0 1 1 1 

Design 159
0 1 1 0 1 
1 1 0 1 0 
1 0 0 1 1 

Design 160
0 1 1 0 1 
1 1 0 1 0 
1 0 1 0 1 

Design 161
0 1 1 0 1 
1 1 0 1 0 
1 0 1 1 0 

Design 162
0 1 1 0 1 
1 1 1 0 0 
1 0 0 1 1 

Design 163
0 1 1 1 0 
0 0 1 1 1 
1 1 0 0 1 

Design 164
0 1 1 1 0 
0 1 0 1 1 
1 0 1 0 1 

Design 165
0 1 1 1 0 
0 1 1 0 1 
1 0 0 1 1 

Design 166
0 1 1 1 0 
1 0 0 1 1 
0 1 1 0 1 

Design 167
0 1 1 1 0 
1 0 0 1 1 
1 0 1 0 1 

Design 168
0 1 1 1 0 
1 0 0 1 1 
1 1 0 0 1 

Design 169
0 1 1 1 0 
1 0 0 1 1 
1 1 1 0 0 

Design 170
0 1 1 1 0 
1 0 1 0 1 
0 1 0 1 1 

Design 171
0 1 1 1 0 
1 0 1 0 1 
1 0 0 1 1 

Design 172
0 1 1 1 0 
1 0 1 0 1 
1 1 0 0 1 

Design 173
0 1 1 1 0 
1 0 1 0 1 
1 1 0 1 0 

Design 174
0 1 1 1 0 
1 0 1 1 0 
1 1 0 0 1 

Design 175
0 1 1 1 0 
1 1 0 0 1 
0 0 1 1 1 

Design 176
0 1 1 1 0 
1 1 0 0 1 
1 0 0 1 1 

Design 177
0 1 1 1 0 
1 1 0 0 1 
1 0 1 0 1 

Design 178
0 1 1 1 0 
1 1 0 0 1 
1 0 1 1 0 

Design 179
0 1 1 1 0 
1 1 0 1 0 
1 0 1 0 1 

Design 180
0 1 1 1 0 
1 1 1 0 0 
1 0 0 1 1 

Design 181
1 0 0 0 1 
0 0 0 1 1 
0 1 1 0 0 

Design 182
1 0 0 0 1 
0 0 1 0 1 
0 1 0 1 0 

Design 183
1 0 0 0 1 
0 0 1 1 0 
0 1 0 0 1 

Design 184
1 0 0 0 1 
0 0 1 1 0 
0 1 0 1 0 

Design 185
1 0 0 0 1 
0 0 1 1 0 
0 1 1 0 0 

Design 186
1 0 0 0 1 
0 0 1 1 0 
1 1 0 0 0 

Design 187
1 0 0 0 1 
0 1 0 0 1 
0 0 1 1 0 

Design 188
1 0 0 0 1 
0 1 0 1 0 
0 0 1 0 1 

Design 189
1 0 0 0 1 
0 1 0 1 0 
0 0 1 1 0 

Design 190
1 0 0 0 1 
0 1 0 1 0 
0 1 1 0 0 

Design 191
1 0 0 0 1 
0 1 0 1 0 
1 0 1 0 0 

Design 192
1 0 0 0 1 
0 1 1 0 0 
0 0 0 1 1 

Design 193
1 0 0 0 1 
0 1 1 0 0 
0 0 1 1 0 

Design 194
1 0 0 0 1 
0 1 1 0 0 
0 1 0 1 0 

Design 195
1 0 0 0 1 
0 1 1 0 0 
1 0 0 1 0 

Design 196
1 0 0 0 1 
1 0 0 1 0 
0 1 1 0 0 

Design 197
1 0 0 0 1 
1 0 1 0 0 
0 1 0 1 0 

Design 198
1 0 0 0 1 
1 1 0 0 0 
0 0 1 1 0 

Design 199
1 0 0 1 0 
0 0 0 1 1 
0 1 1 0 0 

Design 200
1 0 0 1 0 
0 0 1 0 1 
0 1 0 0 1 

Design 201
1 0 0 1 0 
0 0 1 0 1 
0 1 0 1 0 

Design 202
1 0 0 1 0 
0 0 1 0 1 
0 1 1 0 0 

Design 203
1 0 0 1 0 
0 0 1 0 1 
1 1 0 0 0 

Design 204
1 0 0 1 0 
0 0 1 1 0 
0 1 0 0 1 

Design 205
1 0 0 1 0 
0 1 0 0 1 
0 0 1 0 1 

Design 206
1 0 0 1 0 
0 1 0 0 1 
0 0 1 1 0 

Design 207
1 0 0 1 0 
0 1 0 0 1 
0 1 1 0 0 

Design 208
1 0 0 1 0 
0 1 0 0 1 
1 0 1 0 0 

Design 209
1 0 0 1 0 
0 1 0 1 0 
0 0 1 0 1 

Design 210
1 0 0 1 0 
0 1 1 0 0 
0 0 0 1 1 

Design 211
1 0 0 1 0 
0 1 1 0 0 
0 0 1 0 1 

Design 212
1 0 0 1 0 
0 1 1 0 0 
0 1 0 0 1 

Design 213
1 0 0 1 0 
0 1 1 0 0 
1 0 0 0 1 

Design 214
1 0 0 1 0 
1 0 0 0 1 
0 1 1 0 0 

Design 215
1 0 0 1 0 
1 0 1 0 0 
0 1 0 0 1 

Design 216
1 0 0 1 0 
1 1 0 0 0 
0 0 1 0 1 

Design 217
1 0 0 1 1 
0 0 1 1 1 
1 1 1 0 0 

Design 218
1 0 0 1 1 
0 1 0 1 1 
1 1 1 0 0 

Design 219
1 0 0 1 1 
0 1 1 0 1 
0 1 1 1 0 

Design 220
1 0 0 1 1 
0 1 1 0 1 
1 0 1 1 0 

Design 221
1 0 0 1 1 
0 1 1 0 1 
1 1 0 1 0 

Design 222
1 0 0 1 1 
0 1 1 0 1 
1 1 1 0 0 

Design 223
1 0 0 1 1 
0 1 1 1 0 
0 1 1 0 1 

Design 224
1 0 0 1 1 
0 1 1 1 0 
1 0 1 0 1 

Design 225
1 0 0 1 1 
0 1 1 1 0 
1 1 0 0 1 

Design 226
1 0 0 1 1 
0 1 1 1 0 
1 1 1 0 0 

Design 227
1 0 0 1 1 
1 0 1 0 1 
0 1 1 1 0 

Design 228
1 0 0 1 1 
1 0 1 1 0 
0 1 1 0 1 

Design 229
1 0 0 1 1 
1 1 0 0 1 
0 1 1 1 0 

Design 230
1 0 0 1 1 
1 1 0 1 0 
0 1 1 0 1 

Design 231
1 0 0 1 1 
1 1 1 0 0 
0 0 1 1 1 

Design 232
1 0 0 1 1 
1 1 1 0 0 
0 1 0 1 1 

Design 233
1 0 0 1 1 
1 1 1 0 0 
0 1 1 0 1 

Design 234
1 0 0 1 1 
1 1 1 0 0 
0 1 1 1 0 

Design 235
1 0 1 0 0 
0 0 0 1 1 
0 1 0 0 1 

Design 236
1 0 1 0 0 
0 0 0 1 1 
0 1 0 1 0 

Design 237
1 0 1 0 0 
0 0 0 1 1 
0 1 1 0 0 

Design 238
1 0 1 0 0 
0 0 0 1 1 
1 1 0 0 0 

Design 239
1 0 1 0 0 
0 0 1 0 1 
0 1 0 1 0 

Design 240
1 0 1 0 0 
0 0 1 1 0 
0 1 0 0 1 

Design 241
1 0 1 0 0 
0 1 0 0 1 
0 0 0 1 1 

Design 242
1 0 1 0 0 
0 1 0 0 1 
0 0 1 1 0 

Design 243
1 0 1 0 0 
0 1 0 0 1 
0 1 0 1 0 

Design 244
1 0 1 0 0 
0 1 0 0 1 
1 0 0 1 0 

Design 245
1 0 1 0 0 
0 1 0 1 0 
0 0 0 1 1 

Design 246
1 0 1 0 0 
0 1 0 1 0 
0 0 1 0 1 

Design 247
1 0 1 0 0 
0 1 0 1 0 
0 1 0 0 1 

Design 248
1 0 1 0 0 
0 1 0 1 0 
1 0 0 0 1 

Design 249
1 0 1 0 0 
0 1 1 0 0 
0 0 0 1 1 

Design 250
1 0 1 0 0 
1 0 0 0 1 
0 1 0 1 0 

Design 251
1 0 1 0 0 
1 0 0 1 0 
0 1 0 0 1 

Design 252
1 0 1 0 0 
1 1 0 0 0 
0 0 0 1 1 

Design 253
1 0 1 0 1 
0 0 1 1 1 
1 1 0 1 0 

Design 254
1 0 1 0 1 
0 1 0 1 1 
0 1 1 1 0 

Design 255
1 0 1 0 1 
0 1 0 1 1 
1 0 1 1 0 

Design 256
1 0 1 0 1 
0 1 0 1 1 
1 1 0 1 0 

Design 257
1 0 1 0 1 
0 1 0 1 1 
1 1 1 0 0 

Design 258
1 0 1 0 1 
0 1 1 0 1 
1 1 0 1 0 

Design 259
1 0 1 0 1 
0 1 1 1 0 
0 1 0 1 1 

Design 260
1 0 1 0 1 
0 1 1 1 0 
1 0 0 1 1 

Design 261
1 0 1 0 1 
0 1 1 1 0 
1 1 0 0 1 

Design 262
1 0 1 0 1 
0 1 1 1 0 
1 1 0 1 0 

Design 263
1 0 1 0 1 
1 0 0 1 1 
0 1 1 1 0 

Design 264
1 0 1 0 1 
1 0 1 1 0 
0 1 0 1 1 

Design 265
1 0 1 0 1 
1 1 0 0 1 
0 1 1 1 0 

Design 266
1 0 1 0 1 
1 1 0 1 0 
0 0 1 1 1 

Design 267
1 0 1 0 1 
1 1 0 1 0 
0 1 0 1 1 

Design 268
1 0 1 0 1 
1 1 0 1 0 
0 1 1 0 1 

Design 269
1 0 1 0 1 
1 1 0 1 0 
0 1 1 1 0 

Design 270
1 0 1 0 1 
1 1 1 0 0 
0 1 0 1 1 

Design 271
1 0 1 1 0 
0 0 1 1 1 
1 1 0 0 1 

Design 272
1 0 1 1 0 
0 1 0 1 1 
0 1 1 0 1 

Design 273
1 0 1 1 0 
0 1 0 1 1 
1 0 1 0 1 

Design 274
1 0 1 1 0 
0 1 0 1 1 
1 1 0 0 1 

Design 275
1 0 1 1 0 
0 1 0 1 1 
1 1 1 0 0 

Design 276
1 0 1 1 0 
0 1 1 0 1 
0 1 0 1 1 

Design 277
1 0 1 1 0 
0 1 1 0 1 
1 0 0 1 1 

Design 278
1 0 1 1 0 
0 1 1 0 1 
1 1 0 0 1 

Design 279
1 0 1 1 0 
0 1 1 0 1 
1 1 0 1 0 

Design 280
1 0 1 1 0 
0 1 1 1 0 
1 1 0 0 1 

Design 281
1 0 1 1 0 
1 0 0 1 1 
0 1 1 0 1 

Design 282
1 0 1 1 0 
1 0 1 0 1 
0 1 0 1 1 

Design 283
1 0 1 1 0 
1 1 0 0 1 
0 0 1 1 1 

Design 284
1 0 1 1 0 
1 1 0 0 1 
0 1 0 1 1 

Design 285
1 0 1 1 0 
1 1 0 0 1 
0 1 1 0 1 

Design 286
1 0 1 1 0 
1 1 0 0 1 
0 1 1 1 0 

Design 287
1 0 1 1 0 
1 1 0 1 0 
0 1 1 0 1 

Design 288
1 0 1 1 0 
1 1 1 0 0 
0 1 0 1 1 

Design 289
1 1 0 0 0 
0 0 0 1 1 
0 0 1 0 1 

Design 290
1 1 0 0 0 
0 0 0 1 1 
0 0 1 1 0 

Design 291
1 1 0 0 0 
0 0 0 1 1 
0 1 1 0 0 

Design 292
1 1 0 0 0 
0 0 0 1 1 
1 0 1 0 0 

Design 293
1 1 0 0 0 
0 0 1 0 1 
0 0 0 1 1 

Design 294
1 1 0 0 0 
0 0 1 0 1 
0 0 1 1 0 

Design 295
1 1 0 0 0 
0 0 1 0 1 
0 1 0 1 0 

Design 296
1 1 0 0 0 
0 0 1 0 1 
1 0 0 1 0 

Design 297
1 1 0 0 0 
0 0 1 1 0 
0 0 0 1 1 

Design 298
1 1 0 0 0 
0 0 1 1 0 
0 0 1 0 1 

Design 299
1 1 0 0 0 
0 0 1 1 0 
0 1 0 0 1 

Design 300
1 1 0 0 0 
0 0 1 1 0 
1 0 0 0 1 

Design 301
1 1 0 0 0 
0 1 0 0 1 
0 0 1 1 0 

Design 302
1 1 0 0 0 
0 1 0 1 0 
0 0 1 0 1 

Design 303
1 1 0 0 0 
0 1 1 0 0 
0 0 0 1 1 

Design 304
1 1 0 0 0 
1 0 0 0 1 
0 0 1 1 0 

Design 305
1 1 0 0 0 
1 0 0 1 0 
0 0 1 0 1 

Design 306
1 1 0 0 0 
1 0 1 0 0 
0 0 0 1 1 

Design 307
1 1 0 0 1 
0 0 1 1 1 
0 1 1 1 0 

Design 308
1 1 0 0 1 
0 0 1 1 1 
1 0 1 1 0 

Design 309
1 1 0 0 1 
0 0 1 1 1 
1 1 0 1 0 

Design 310
1 1 0 0 1 
0 0 1 1 1 
1 1 1 0 0 

Design 311
1 1 0 0 1 
0 1 0 1 1 
1 0 1 1 0 

Design 312
1 1 0 0 1 
0 1 1 0 1 
1 0 1 1 0 

Design 313
1 1 0 0 1 
0 1 1 1 0 
0 0 1 1 1 

Design 314
1 1 0 0 1 
0 1 1 1 0 
1 0 0 1 1 

Design 315
1 1 0 0 1 
0 1 1 1 0 
1 0 1 0 1 

Design 316
1 1 0 0 1 
0 1 1 1 0 
1 0 1 1 0 

Design 317
1 1 0 0 1 
1 0 0 1 1 
0 1 1 1 0 

Design 318
1 1 0 0 1 
1 0 1 0 1 
0 1 1 1 0 

Design 319
1 1 0 0 1 
1 0 1 1 0 
0 0 1 1 1 

Design 320
1 1 0 0 1 
1 0 1 1 0 
0 1 0 1 1 

Design 321
1 1 0 0 1 
1 0 1 1 0 
0 1 1 0 1 

Design 322
1 1 0 0 1 
1 0 1 1 0 
0 1 1 1 0 

Design 323
1 1 0 0 1 
1 1 0 1 0 
0 0 1 1 1 

Design 324
1 1 0 0 1 
1 1 1 0 0 
0 0 1 1 1 

Design 325
1 1 0 1 0 
0 0 1 1 1 
0 1 1 0 1 

Design 326
1 1 0 1 0 
0 0 1 1 1 
1 0 1 0 1 

Design 327
1 1 0 1 0 
0 0 1 1 1 
1 1 0 0 1 

Design 328
1 1 0 1 0 
0 0 1 1 1 
1 1 1 0 0 

Design 329
1 1 0 1 0 
0 1 0 1 1 
1 0 1 0 1 

Design 330
1 1 0 1 0 
0 1 1 0 1 
0 0 1 1 1 

Design 331
1 1 0 1 0 
0 1 1 0 1 
1 0 0 1 1 

Design 332
1 1 0 1 0 
0 1 1 0 1 
1 0 1 0 1 

Design 333
1 1 0 1 0 
0 1 1 0 1 
1 0 1 1 0 

Design 334
1 1 0 1 0 
0 1 1 1 0 
1 0 1 0 1 

Design 335
1 1 0 1 0 
1 0 0 1 1 
0 1 1 0 1 

Design 336
1 1 0 1 0 
1 0 1 0 1 
0 0 1 1 1 

Design 337
1 1 0 1 0 
1 0 1 0 1 
0 1 0 1 1 

Design 338
1 1 0 1 0 
1 0 1 0 1 
0 1 1 0 1 

Design 339
1 1 0 1 0 
1 0 1 0 1 
0 1 1 1 0 

Design 340
1 1 0 1 0 
1 0 1 1 0 
0 1 1 0 1 

Design 341
1 1 0 1 0 
1 1 0 0 1 
0 0 1 1 1 

Design 342
1 1 0 1 0 
1 1 1 0 0 
0 0 1 1 1 

Design 343
1 1 1 0 0 
0 0 1 1 1 
0 1 0 1 1 

Design 344
1 1 1 0 0 
0 0 1 1 1 
1 0 0 1 1 

Design 345
1 1 1 0 0 
0 0 1 1 1 
1 1 0 0 1 

Design 346
1 1 1 0 0 
0 0 1 1 1 
1 1 0 1 0 

Design 347
1 1 1 0 0 
0 1 0 1 1 
0 0 1 1 1 

Design 348
1 1 1 0 0 
0 1 0 1 1 
1 0 0 1 1 

Design 349
1 1 1 0 0 
0 1 0 1 1 
1 0 1 0 1 

Design 350
1 1 1 0 0 
0 1 0 1 1 
1 0 1 1 0 

Design 351
1 1 1 0 0 
0 1 1 0 1 
1 0 0 1 1 

Design 352
1 1 1 0 0 
0 1 1 1 0 
1 0 0 1 1 

Design 353
1 1 1 0 0 
1 0 0 1 1 
0 0 1 1 1 

Design 354
1 1 1 0 0 
1 0 0 1 1 
0 1 0 1 1 

Design 355
1 1 1 0 0 
1 0 0 1 1 
0 1 1 0 1 

Design 356
1 1 1 0 0 
1 0 0 1 1 
0 1 1 1 0 

Design 357
1 1 1 0 0 
1 0 1 0 1 
0 1 0 1 1 

Design 358
1 1 1 0 0 
1 0 1 1 0 
0 1 0 1 1 

Design 359
1 1 1 0 0 
1 1 0 0 1 
0 0 1 1 1 

Design 360
1 1 1 0 0 
1 1 0 1 0 
0 0 1 1 1 

