Design 1
0 0 0 1 1 
0 0 0 1 1 
0 0 0 1 1 
1 1 1 0 0 
1 1 1 0 0 
1 1 1 0 0 

Design 2
0 0 0 1 1 
0 0 0 1 1 
0 0 1 0 1 
1 1 0 1 0 
1 1 1 0 0 
1 1 1 0 0 

Design 3
0 0 0 1 1 
0 0 0 1 1 
0 0 1 1 0 
1 1 0 0 1 
1 1 1 0 0 
1 1 1 0 0 

Design 4
0 0 0 1 1 
0 0 0 1 1 
0 0 1 1 1 
1 1 0 0 0 
1 1 1 0 0 
1 1 1 0 0 

Design 5
0 0 0 1 1 
0 0 0 1 1 
0 1 0 0 1 
1 0 1 1 0 
1 1 1 0 0 
1 1 1 0 0 

Design 6
0 0 0 1 1 
0 0 0 1 1 
0 1 0 1 0 
1 0 1 0 1 
1 1 1 0 0 
1 1 1 0 0 

Design 7
0 0 0 1 1 
0 0 0 1 1 
0 1 0 1 1 
1 0 1 0 0 
1 1 1 0 0 
1 1 1 0 0 

Design 8
0 0 0 1 1 
0 0 0 1 1 
0 1 1 0 0 
1 0 0 1 1 
1 1 1 0 0 
1 1 1 0 0 

Design 9
0 0 0 1 1 
0 0 0 1 1 
0 1 1 0 0 
1 0 1 0 1 
1 1 0 1 0 
1 1 1 0 0 

Design 10
0 0 0 1 1 
0 0 0 1 1 
0 1 1 0 0 
1 0 1 1 0 
1 1 0 0 1 
1 1 1 0 0 

Design 11
0 0 0 1 1 
0 0 0 1 1 
0 1 1 0 1 
1 0 0 1 0 
1 1 1 0 0 
1 1 1 0 0 

Design 12
0 0 0 1 1 
0 0 0 1 1 
0 1 1 0 1 
1 0 1 0 0 
1 1 0 1 0 
1 1 1 0 0 

Design 13
0 0 0 1 1 
0 0 0 1 1 
0 1 1 0 1 
1 0 1 1 0 
1 1 0 0 0 
1 1 1 0 0 

Design 14
0 0 0 1 1 
0 0 0 1 1 
0 1 1 1 0 
1 0 0 0 1 
1 1 1 0 0 
1 1 1 0 0 

Design 15
0 0 0 1 1 
0 0 0 1 1 
0 1 1 1 0 
1 0 1 0 0 
1 1 0 0 1 
1 1 1 0 0 

Design 16
0 0 0 1 1 
0 0 0 1 1 
0 1 1 1 0 
1 0 1 0 1 
1 1 0 0 0 
1 1 1 0 0 

Design 17
0 0 0 1 1 
0 0 1 0 1 
0 0 1 0 1 
1 1 0 1 0 
1 1 0 1 0 
1 1 1 0 0 

Design 18
0 0 0 1 1 
0 0 1 0 1 
0 0 1 1 0 
1 1 0 0 1 
1 1 0 1 0 
1 1 1 0 0 

Design 19
0 0 0 1 1 
0 0 1 0 1 
0 0 1 1 1 
1 1 0 0 0 
1 1 0 1 0 
1 1 1 0 0 

Design 20
0 0 0 1 1 
0 0 1 0 1 
0 1 0 0 1 
1 0 1 1 0 
1 1 0 1 0 
1 1 1 0 0 

Design 21
0 0 0 1 1 
0 0 1 0 1 
0 1 0 1 0 
1 0 0 1 1 
1 1 1 0 0 
1 1 1 0 0 

Design 22
0 0 0 1 1 
0 0 1 0 1 
0 1 0 1 0 
1 0 1 0 1 
1 1 0 1 0 
1 1 1 0 0 

Design 23
0 0 0 1 1 
0 0 1 0 1 
0 1 0 1 0 
1 0 1 1 0 
1 1 0 0 1 
1 1 1 0 0 

Design 24
0 0 0 1 1 
0 0 1 0 1 
0 1 0 1 1 
1 0 0 1 0 
1 1 1 0 0 
1 1 1 0 0 

Design 25
0 0 0 1 1 
0 0 1 0 1 
0 1 0 1 1 
1 0 1 0 0 
1 1 0 1 0 
1 1 1 0 0 

Design 26
0 0 0 1 1 
0 0 1 0 1 
0 1 0 1 1 
1 0 1 1 0 
1 1 0 0 0 
1 1 1 0 0 

Design 27
0 0 0 1 1 
0 0 1 0 1 
0 1 1 0 0 
1 0 0 1 1 
1 1 0 1 0 
1 1 1 0 0 

Design 28
0 0 0 1 1 
0 0 1 0 1 
0 1 1 0 0 
1 0 1 0 1 
1 1 0 1 0 
1 1 0 1 0 

Design 29
0 0 0 1 1 
0 0 1 0 1 
0 1 1 0 0 
1 0 1 1 0 
1 1 0 0 1 
1 1 0 1 0 

Design 30
0 0 0 1 1 
0 0 1 0 1 
0 1 1 0 1 
1 0 0 1 0 
1 1 0 1 0 
1 1 1 0 0 

Design 31
0 0 0 1 1 
0 0 1 0 1 
0 1 1 0 1 
1 0 1 0 0 
1 1 0 1 0 
1 1 0 1 0 

Design 32
0 0 0 1 1 
0 0 1 0 1 
0 1 1 0 1 
1 0 1 1 0 
1 1 0 0 0 
1 1 0 1 0 

Design 33
0 0 0 1 1 
0 0 1 0 1 
0 1 1 1 0 
1 0 0 0 1 
1 1 0 1 0 
1 1 1 0 0 

Design 34
0 0 0 1 1 
0 0 1 0 1 
0 1 1 1 0 
1 0 0 1 0 
1 1 0 0 1 
1 1 1 0 0 

Design 35
0 0 0 1 1 
0 0 1 0 1 
0 1 1 1 0 
1 0 0 1 1 
1 1 0 0 0 
1 1 1 0 0 

Design 36
0 0 0 1 1 
0 0 1 0 1 
0 1 1 1 0 
1 0 1 0 0 
1 1 0 0 1 
1 1 0 1 0 

Design 37
0 0 0 1 1 
0 0 1 0 1 
0 1 1 1 0 
1 0 1 0 1 
1 1 0 0 0 
1 1 0 1 0 

Design 38
0 0 0 1 1 
0 0 1 0 1 
0 1 1 1 0 
1 0 1 1 0 
1 1 0 0 0 
1 1 0 0 1 

Design 39
0 0 0 1 1 
0 0 1 1 0 
0 0 1 1 0 
1 1 0 0 1 
1 1 0 0 1 
1 1 1 0 0 

Design 40
0 0 0 1 1 
0 0 1 1 0 
0 0 1 1 1 
1 1 0 0 0 
1 1 0 0 1 
1 1 1 0 0 

Design 41
0 0 0 1 1 
0 0 1 1 0 
0 1 0 0 1 
1 0 0 1 1 
1 1 1 0 0 
1 1 1 0 0 

Design 42
0 0 0 1 1 
0 0 1 1 0 
0 1 0 0 1 
1 0 1 0 1 
1 1 0 1 0 
1 1 1 0 0 

Design 43
0 0 0 1 1 
0 0 1 1 0 
0 1 0 0 1 
1 0 1 1 0 
1 1 0 0 1 
1 1 1 0 0 

Design 44
0 0 0 1 1 
0 0 1 1 0 
0 1 0 1 0 
1 0 1 0 1 
1 1 0 0 1 
1 1 1 0 0 

Design 45
0 0 0 1 1 
0 0 1 1 0 
0 1 0 1 1 
1 0 0 0 1 
1 1 1 0 0 
1 1 1 0 0 

Design 46
0 0 0 1 1 
0 0 1 1 0 
0 1 0 1 1 
1 0 1 0 0 
1 1 0 0 1 
1 1 1 0 0 

Design 47
0 0 0 1 1 
0 0 1 1 0 
0 1 0 1 1 
1 0 1 0 1 
1 1 0 0 0 
1 1 1 0 0 

Design 48
0 0 0 1 1 
0 0 1 1 0 
0 1 1 0 0 
1 0 0 1 1 
1 1 0 0 1 
1 1 1 0 0 

Design 49
0 0 0 1 1 
0 0 1 1 0 
0 1 1 0 0 
1 0 1 0 1 
1 1 0 0 1 
1 1 0 1 0 

Design 50
0 0 0 1 1 
0 0 1 1 0 
0 1 1 0 0 
1 0 1 1 0 
1 1 0 0 1 
1 1 0 0 1 

Design 51
0 0 0 1 1 
0 0 1 1 0 
0 1 1 0 1 
1 0 0 0 1 
1 1 0 1 0 
1 1 1 0 0 

Design 52
0 0 0 1 1 
0 0 1 1 0 
0 1 1 0 1 
1 0 0 1 0 
1 1 0 0 1 
1 1 1 0 0 

Design 53
0 0 0 1 1 
0 0 1 1 0 
0 1 1 0 1 
1 0 0 1 1 
1 1 0 0 0 
1 1 1 0 0 

Design 54
0 0 0 1 1 
0 0 1 1 0 
0 1 1 0 1 
1 0 1 0 0 
1 1 0 0 1 
1 1 0 1 0 

Design 55
0 0 0 1 1 
0 0 1 1 0 
0 1 1 0 1 
1 0 1 0 1 
1 1 0 0 0 
1 1 0 1 0 

Design 56
0 0 0 1 1 
0 0 1 1 0 
0 1 1 0 1 
1 0 1 1 0 
1 1 0 0 0 
1 1 0 0 1 

Design 57
0 0 0 1 1 
0 0 1 1 0 
0 1 1 1 0 
1 0 0 0 1 
1 1 0 0 1 
1 1 1 0 0 

Design 58
0 0 0 1 1 
0 0 1 1 0 
0 1 1 1 0 
1 0 1 0 0 
1 1 0 0 1 
1 1 0 0 1 

Design 59
0 0 0 1 1 
0 0 1 1 0 
0 1 1 1 0 
1 0 1 0 1 
1 1 0 0 0 
1 1 0 0 1 

Design 60
0 0 0 1 1 
0 0 1 1 1 
0 0 1 1 1 
1 1 0 0 0 
1 1 0 0 0 
1 1 1 0 0 

Design 61
0 0 0 1 1 
0 0 1 1 1 
0 1 0 0 1 
1 0 0 1 0 
1 1 1 0 0 
1 1 1 0 0 

Design 62
0 0 0 1 1 
0 0 1 1 1 
0 1 0 0 1 
1 0 1 0 0 
1 1 0 1 0 
1 1 1 0 0 

Design 63
0 0 0 1 1 
0 0 1 1 1 
0 1 0 0 1 
1 0 1 1 0 
1 1 0 0 0 
1 1 1 0 0 

Design 64
0 0 0 1 1 
0 0 1 1 1 
0 1 0 1 0 
1 0 0 0 1 
1 1 1 0 0 
1 1 1 0 0 

Design 65
0 0 0 1 1 
0 0 1 1 1 
0 1 0 1 0 
1 0 1 0 0 
1 1 0 0 1 
1 1 1 0 0 

Design 66
0 0 0 1 1 
0 0 1 1 1 
0 1 0 1 0 
1 0 1 0 1 
1 1 0 0 0 
1 1 1 0 0 

Design 67
0 0 0 1 1 
0 0 1 1 1 
0 1 0 1 1 
1 0 1 0 0 
1 1 0 0 0 
1 1 1 0 0 

Design 68
0 0 0 1 1 
0 0 1 1 1 
0 1 1 0 0 
1 0 0 0 1 
1 1 0 1 0 
1 1 1 0 0 

Design 69
0 0 0 1 1 
0 0 1 1 1 
0 1 1 0 0 
1 0 0 1 0 
1 1 0 0 1 
1 1 1 0 0 

Design 70
0 0 0 1 1 
0 0 1 1 1 
0 1 1 0 0 
1 0 0 1 1 
1 1 0 0 0 
1 1 1 0 0 

Design 71
0 0 0 1 1 
0 0 1 1 1 
0 1 1 0 0 
1 0 1 0 0 
1 1 0 0 1 
1 1 0 1 0 

Design 72
0 0 0 1 1 
0 0 1 1 1 
0 1 1 0 0 
1 0 1 0 1 
1 1 0 0 0 
1 1 0 1 0 

Design 73
0 0 0 1 1 
0 0 1 1 1 
0 1 1 0 0 
1 0 1 1 0 
1 1 0 0 0 
1 1 0 0 1 

Design 74
0 0 0 1 1 
0 0 1 1 1 
0 1 1 0 1 
1 0 0 1 0 
1 1 0 0 0 
1 1 1 0 0 

Design 75
0 0 0 1 1 
0 0 1 1 1 
0 1 1 0 1 
1 0 1 0 0 
1 1 0 0 0 
1 1 0 1 0 

Design 76
0 0 0 1 1 
0 0 1 1 1 
0 1 1 0 1 
1 0 1 1 0 
1 1 0 0 0 
1 1 0 0 0 

Design 77
0 0 0 1 1 
0 0 1 1 1 
0 1 1 1 0 
1 0 0 0 1 
1 1 0 0 0 
1 1 1 0 0 

Design 78
0 0 0 1 1 
0 0 1 1 1 
0 1 1 1 0 
1 0 1 0 0 
1 1 0 0 0 
1 1 0 0 1 

Design 79
0 0 0 1 1 
0 0 1 1 1 
0 1 1 1 0 
1 0 1 0 1 
1 1 0 0 0 
1 1 0 0 0 

Design 80
0 0 0 1 1 
0 1 0 0 1 
0 1 0 0 1 
1 0 1 1 0 
1 0 1 1 0 
1 1 1 0 0 

Design 81
0 0 0 1 1 
0 1 0 0 1 
0 1 0 1 0 
1 0 1 0 1 
1 0 1 1 0 
1 1 1 0 0 

Design 82
0 0 0 1 1 
0 1 0 0 1 
0 1 0 1 1 
1 0 1 0 0 
1 0 1 1 0 
1 1 1 0 0 

Design 83
0 0 0 1 1 
0 1 0 0 1 
0 1 1 0 0 
1 0 0 1 1 
1 0 1 1 0 
1 1 1 0 0 

Design 84
0 0 0 1 1 
0 1 0 0 1 
0 1 1 0 0 
1 0 1 0 1 
1 0 1 1 0 
1 1 0 1 0 

Design 85
0 0 0 1 1 
0 1 0 0 1 
0 1 1 0 0 
1 0 1 1 0 
1 0 1 1 0 
1 1 0 0 1 

Design 86
0 0 0 1 1 
0 1 0 0 1 
0 1 1 0 1 
1 0 0 1 0 
1 0 1 1 0 
1 1 1 0 0 

Design 87
0 0 0 1 1 
0 1 0 0 1 
0 1 1 0 1 
1 0 1 0 0 
1 0 1 1 0 
1 1 0 1 0 

Design 88
0 0 0 1 1 
0 1 0 0 1 
0 1 1 0 1 
1 0 1 1 0 
1 0 1 1 0 
1 1 0 0 0 

Design 89
0 0 0 1 1 
0 1 0 0 1 
0 1 1 1 0 
1 0 0 0 1 
1 0 1 1 0 
1 1 1 0 0 

Design 90
0 0 0 1 1 
0 1 0 0 1 
0 1 1 1 0 
1 0 0 1 0 
1 0 1 0 1 
1 1 1 0 0 

Design 91
0 0 0 1 1 
0 1 0 0 1 
0 1 1 1 0 
1 0 0 1 1 
1 0 1 0 0 
1 1 1 0 0 

Design 92
0 0 0 1 1 
0 1 0 0 1 
0 1 1 1 0 
1 0 1 0 0 
1 0 1 0 1 
1 1 0 1 0 

Design 93
0 0 0 1 1 
0 1 0 0 1 
0 1 1 1 0 
1 0 1 0 0 
1 0 1 1 0 
1 1 0 0 1 

Design 94
0 0 0 1 1 
0 1 0 0 1 
0 1 1 1 0 
1 0 1 0 1 
1 0 1 1 0 
1 1 0 0 0 

Design 95
0 0 0 1 1 
0 1 0 1 0 
0 1 0 1 0 
1 0 1 0 1 
1 0 1 0 1 
1 1 1 0 0 

Design 96
0 0 0 1 1 
0 1 0 1 0 
0 1 0 1 1 
1 0 1 0 0 
1 0 1 0 1 
1 1 1 0 0 

Design 97
0 0 0 1 1 
0 1 0 1 0 
0 1 1 0 0 
1 0 0 1 1 
1 0 1 0 1 
1 1 1 0 0 

Design 98
0 0 0 1 1 
0 1 0 1 0 
0 1 1 0 0 
1 0 1 0 1 
1 0 1 0 1 
1 1 0 1 0 

Design 99
0 0 0 1 1 
0 1 0 1 0 
0 1 1 0 0 
1 0 1 0 1 
1 0 1 1 0 
1 1 0 0 1 

Design 100
0 0 0 1 1 
0 1 0 1 0 
0 1 1 0 1 
1 0 0 0 1 
1 0 1 1 0 
1 1 1 0 0 

Design 101
0 0 0 1 1 
0 1 0 1 0 
0 1 1 0 1 
1 0 0 1 0 
1 0 1 0 1 
1 1 1 0 0 

Design 102
0 0 0 1 1 
0 1 0 1 0 
0 1 1 0 1 
1 0 0 1 1 
1 0 1 0 0 
1 1 1 0 0 

Design 103
0 0 0 1 1 
0 1 0 1 0 
0 1 1 0 1 
1 0 1 0 0 
1 0 1 0 1 
1 1 0 1 0 

Design 104
0 0 0 1 1 
0 1 0 1 0 
0 1 1 0 1 
1 0 1 0 0 
1 0 1 1 0 
1 1 0 0 1 

Design 105
0 0 0 1 1 
0 1 0 1 0 
0 1 1 0 1 
1 0 1 0 1 
1 0 1 1 0 
1 1 0 0 0 

Design 106
0 0 0 1 1 
0 1 0 1 0 
0 1 1 1 0 
1 0 0 0 1 
1 0 1 0 1 
1 1 1 0 0 

Design 107
0 0 0 1 1 
0 1 0 1 0 
0 1 1 1 0 
1 0 1 0 0 
1 0 1 0 1 
1 1 0 0 1 

Design 108
0 0 0 1 1 
0 1 0 1 0 
0 1 1 1 0 
1 0 1 0 1 
1 0 1 0 1 
1 1 0 0 0 

Design 109
0 0 0 1 1 
0 1 0 1 1 
0 1 0 1 1 
1 0 1 0 0 
1 0 1 0 0 
1 1 1 0 0 

Design 110
0 0 0 1 1 
0 1 0 1 1 
0 1 1 0 0 
1 0 0 0 1 
1 0 1 1 0 
1 1 1 0 0 

Design 111
0 0 0 1 1 
0 1 0 1 1 
0 1 1 0 0 
1 0 0 1 0 
1 0 1 0 1 
1 1 1 0 0 

Design 112
0 0 0 1 1 
0 1 0 1 1 
0 1 1 0 0 
1 0 0 1 1 
1 0 1 0 0 
1 1 1 0 0 

Design 113
0 0 0 1 1 
0 1 0 1 1 
0 1 1 0 0 
1 0 1 0 0 
1 0 1 0 1 
1 1 0 1 0 

Design 114
0 0 0 1 1 
0 1 0 1 1 
0 1 1 0 0 
1 0 1 0 0 
1 0 1 1 0 
1 1 0 0 1 

Design 115
0 0 0 1 1 
0 1 0 1 1 
0 1 1 0 0 
1 0 1 0 1 
1 0 1 1 0 
1 1 0 0 0 

Design 116
0 0 0 1 1 
0 1 0 1 1 
0 1 1 0 1 
1 0 0 1 0 
1 0 1 0 0 
1 1 1 0 0 

Design 117
0 0 0 1 1 
0 1 0 1 1 
0 1 1 0 1 
1 0 1 0 0 
1 0 1 0 0 
1 1 0 1 0 

Design 118
0 0 0 1 1 
0 1 0 1 1 
0 1 1 0 1 
1 0 1 0 0 
1 0 1 1 0 
1 1 0 0 0 

Design 119
0 0 0 1 1 
0 1 0 1 1 
0 1 1 1 0 
1 0 0 0 1 
1 0 1 0 0 
1 1 1 0 0 

Design 120
0 0 0 1 1 
0 1 0 1 1 
0 1 1 1 0 
1 0 1 0 0 
1 0 1 0 0 
1 1 0 0 1 

Design 121
0 0 0 1 1 
0 1 0 1 1 
0 1 1 1 0 
1 0 1 0 0 
1 0 1 0 1 
1 1 0 0 0 

Design 122
0 0 0 1 1 
0 1 1 0 0 
0 1 1 0 0 
1 0 0 1 1 
1 0 0 1 1 
1 1 1 0 0 

Design 123
0 0 0 1 1 
0 1 1 0 0 
0 1 1 0 0 
1 0 0 1 1 
1 0 1 0 1 
1 1 0 1 0 

Design 124
0 0 0 1 1 
0 1 1 0 0 
0 1 1 0 0 
1 0 0 1 1 
1 0 1 1 0 
1 1 0 0 1 

Design 125
0 0 0 1 1 
0 1 1 0 0 
0 1 1 0 1 
1 0 0 0 1 
1 0 1 1 0 
1 1 0 1 0 

Design 126
0 0 0 1 1 
0 1 1 0 0 
0 1 1 0 1 
1 0 0 1 0 
1 0 0 1 1 
1 1 1 0 0 

Design 127
0 0 0 1 1 
0 1 1 0 0 
0 1 1 0 1 
1 0 0 1 0 
1 0 1 0 1 
1 1 0 1 0 

Design 128
0 0 0 1 1 
0 1 1 0 0 
0 1 1 0 1 
1 0 0 1 0 
1 0 1 1 0 
1 1 0 0 1 

Design 129
0 0 0 1 1 
0 1 1 0 0 
0 1 1 0 1 
1 0 0 1 1 
1 0 1 0 0 
1 1 0 1 0 

Design 130
0 0 0 1 1 
0 1 1 0 0 
0 1 1 0 1 
1 0 0 1 1 
1 0 1 1 0 
1 1 0 0 0 

Design 131
0 0 0 1 1 
0 1 1 0 0 
0 1 1 1 0 
1 0 0 0 1 
1 0 0 1 1 
1 1 1 0 0 

Design 132
0 0 0 1 1 
0 1 1 0 0 
0 1 1 1 0 
1 0 0 0 1 
1 0 1 0 1 
1 1 0 1 0 

Design 133
0 0 0 1 1 
0 1 1 0 0 
0 1 1 1 0 
1 0 0 0 1 
1 0 1 1 0 
1 1 0 0 1 

Design 134
0 0 0 1 1 
0 1 1 0 0 
0 1 1 1 0 
1 0 0 1 0 
1 0 1 0 1 
1 1 0 0 1 

Design 135
0 0 0 1 1 
0 1 1 0 0 
0 1 1 1 0 
1 0 0 1 1 
1 0 1 0 0 
1 1 0 0 1 

Design 136
0 0 0 1 1 
0 1 1 0 0 
0 1 1 1 0 
1 0 0 1 1 
1 0 1 0 1 
1 1 0 0 0 

Design 137
0 0 0 1 1 
0 1 1 0 1 
0 1 1 0 1 
1 0 0 1 0 
1 0 0 1 0 
1 1 1 0 0 

Design 138
0 0 0 1 1 
0 1 1 0 1 
0 1 1 0 1 
1 0 0 1 0 
1 0 1 0 0 
1 1 0 1 0 

Design 139
0 0 0 1 1 
0 1 1 0 1 
0 1 1 0 1 
1 0 0 1 0 
1 0 1 1 0 
1 1 0 0 0 

Design 140
0 0 0 1 1 
0 1 1 0 1 
0 1 1 1 0 
1 0 0 0 1 
1 0 0 1 0 
1 1 1 0 0 

Design 141
0 0 0 1 1 
0 1 1 0 1 
0 1 1 1 0 
1 0 0 0 1 
1 0 1 0 0 
1 1 0 1 0 

Design 142
0 0 0 1 1 
0 1 1 0 1 
0 1 1 1 0 
1 0 0 0 1 
1 0 1 1 0 
1 1 0 0 0 

Design 143
0 0 0 1 1 
0 1 1 0 1 
0 1 1 1 0 
1 0 0 1 0 
1 0 1 0 0 
1 1 0 0 1 

Design 144
0 0 0 1 1 
0 1 1 0 1 
0 1 1 1 0 
1 0 0 1 0 
1 0 1 0 1 
1 1 0 0 0 

Design 145
0 0 0 1 1 
0 1 1 0 1 
0 1 1 1 0 
1 0 0 1 1 
1 0 1 0 0 
1 1 0 0 0 

Design 146
0 0 0 1 1 
0 1 1 1 0 
0 1 1 1 0 
1 0 0 0 1 
1 0 0 0 1 
1 1 1 0 0 

Design 147
0 0 0 1 1 
0 1 1 1 0 
0 1 1 1 0 
1 0 0 0 1 
1 0 1 0 0 
1 1 0 0 1 

Design 148
0 0 0 1 1 
0 1 1 1 0 
0 1 1 1 0 
1 0 0 0 1 
1 0 1 0 1 
1 1 0 0 0 

Design 149
0 0 1 0 1 
0 0 1 0 1 
0 0 1 0 1 
1 1 0 1 0 
1 1 0 1 0 
1 1 0 1 0 

Design 150
0 0 1 0 1 
0 0 1 0 1 
0 0 1 1 0 
1 1 0 0 1 
1 1 0 1 0 
1 1 0 1 0 

Design 151
0 0 1 0 1 
0 0 1 0 1 
0 0 1 1 1 
1 1 0 0 0 
1 1 0 1 0 
1 1 0 1 0 

Design 152
0 0 1 0 1 
0 0 1 0 1 
0 1 0 0 1 
1 0 1 1 0 
1 1 0 1 0 
1 1 0 1 0 

Design 153
0 0 1 0 1 
0 0 1 0 1 
0 1 0 1 0 
1 0 0 1 1 
1 1 0 1 0 
1 1 1 0 0 

Design 154
0 0 1 0 1 
0 0 1 0 1 
0 1 0 1 0 
1 0 1 0 1 
1 1 0 1 0 
1 1 0 1 0 

Design 155
0 0 1 0 1 
0 0 1 0 1 
0 1 0 1 0 
1 0 1 1 0 
1 1 0 0 1 
1 1 0 1 0 

Design 156
0 0 1 0 1 
0 0 1 0 1 
0 1 0 1 1 
1 0 0 1 0 
1 1 0 1 0 
1 1 1 0 0 

Design 157
0 0 1 0 1 
0 0 1 0 1 
0 1 0 1 1 
1 0 1 0 0 
1 1 0 1 0 
1 1 0 1 0 

Design 158
0 0 1 0 1 
0 0 1 0 1 
0 1 0 1 1 
1 0 1 1 0 
1 1 0 0 0 
1 1 0 1 0 

Design 159
0 0 1 0 1 
0 0 1 0 1 
0 1 1 0 0 
1 0 0 1 1 
1 1 0 1 0 
1 1 0 1 0 

Design 160
0 0 1 0 1 
0 0 1 0 1 
0 1 1 0 1 
1 0 0 1 0 
1 1 0 1 0 
1 1 0 1 0 

Design 161
0 0 1 0 1 
0 0 1 0 1 
0 1 1 1 0 
1 0 0 0 1 
1 1 0 1 0 
1 1 0 1 0 

Design 162
0 0 1 0 1 
0 0 1 0 1 
0 1 1 1 0 
1 0 0 1 0 
1 1 0 0 1 
1 1 0 1 0 

Design 163
0 0 1 0 1 
0 0 1 0 1 
0 1 1 1 0 
1 0 0 1 1 
1 1 0 0 0 
1 1 0 1 0 

Design 164
0 0 1 0 1 
0 0 1 1 0 
0 0 1 1 0 
1 1 0 0 1 
1 1 0 0 1 
1 1 0 1 0 

Design 165
0 0 1 0 1 
0 0 1 1 0 
0 0 1 1 1 
1 1 0 0 0 
1 1 0 0 1 
1 1 0 1 0 

Design 166
0 0 1 0 1 
0 0 1 1 0 
0 1 0 0 1 
1 0 0 1 1 
1 1 0 1 0 
1 1 1 0 0 

Design 167
0 0 1 0 1 
0 0 1 1 0 
0 1 0 0 1 
1 0 1 0 1 
1 1 0 1 0 
1 1 0 1 0 

Design 168
0 0 1 0 1 
0 0 1 1 0 
0 1 0 0 1 
1 0 1 1 0 
1 1 0 0 1 
1 1 0 1 0 

Design 169
0 0 1 0 1 
0 0 1 1 0 
0 1 0 1 0 
1 0 0 1 1 
1 1 0 0 1 
1 1 1 0 0 

Design 170
0 0 1 0 1 
0 0 1 1 0 
0 1 0 1 0 
1 0 1 0 1 
1 1 0 0 1 
1 1 0 1 0 

Design 171
0 0 1 0 1 
0 0 1 1 0 
0 1 0 1 0 
1 0 1 1 0 
1 1 0 0 1 
1 1 0 0 1 

Design 172
0 0 1 0 1 
0 0 1 1 0 
0 1 0 1 1 
1 0 0 0 1 
1 1 0 1 0 
1 1 1 0 0 

Design 173
0 0 1 0 1 
0 0 1 1 0 
0 1 0 1 1 
1 0 0 1 0 
1 1 0 0 1 
1 1 1 0 0 

Design 174
0 0 1 0 1 
0 0 1 1 0 
0 1 0 1 1 
1 0 0 1 1 
1 1 0 0 0 
1 1 1 0 0 

Design 175
0 0 1 0 1 
0 0 1 1 0 
0 1 0 1 1 
1 0 1 0 0 
1 1 0 0 1 
1 1 0 1 0 

Design 176
0 0 1 0 1 
0 0 1 1 0 
0 1 0 1 1 
1 0 1 0 1 
1 1 0 0 0 
1 1 0 1 0 

Design 177
0 0 1 0 1 
0 0 1 1 0 
0 1 0 1 1 
1 0 1 1 0 
1 1 0 0 0 
1 1 0 0 1 

Design 178
0 0 1 0 1 
0 0 1 1 0 
0 1 1 0 0 
1 0 0 1 1 
1 1 0 0 1 
1 1 0 1 0 

Design 179
0 0 1 0 1 
0 0 1 1 0 
0 1 1 0 1 
1 0 0 0 1 
1 1 0 1 0 
1 1 0 1 0 

Design 180
0 0 1 0 1 
0 0 1 1 0 
0 1 1 0 1 
1 0 0 1 0 
1 1 0 0 1 
1 1 0 1 0 

Design 181
0 0 1 0 1 
0 0 1 1 0 
0 1 1 0 1 
1 0 0 1 1 
1 1 0 0 0 
1 1 0 1 0 

Design 182
0 0 1 0 1 
0 0 1 1 0 
0 1 1 1 0 
1 0 0 0 1 
1 1 0 0 1 
1 1 0 1 0 

Design 183
0 0 1 0 1 
0 0 1 1 0 
0 1 1 1 0 
1 0 0 1 0 
1 1 0 0 1 
1 1 0 0 1 

Design 184
0 0 1 0 1 
0 0 1 1 0 
0 1 1 1 0 
1 0 0 1 1 
1 1 0 0 0 
1 1 0 0 1 

Design 185
0 0 1 0 1 
0 0 1 1 1 
0 0 1 1 1 
1 1 0 0 0 
1 1 0 0 0 
1 1 0 1 0 

Design 186
0 0 1 0 1 
0 0 1 1 1 
0 1 0 0 1 
1 0 0 1 0 
1 1 0 1 0 
1 1 1 0 0 

Design 187
0 0 1 0 1 
0 0 1 1 1 
0 1 0 0 1 
1 0 1 0 0 
1 1 0 1 0 
1 1 0 1 0 

Design 188
0 0 1 0 1 
0 0 1 1 1 
0 1 0 0 1 
1 0 1 1 0 
1 1 0 0 0 
1 1 0 1 0 

Design 189
0 0 1 0 1 
0 0 1 1 1 
0 1 0 1 0 
1 0 0 0 1 
1 1 0 1 0 
1 1 1 0 0 

Design 190
0 0 1 0 1 
0 0 1 1 1 
0 1 0 1 0 
1 0 0 1 0 
1 1 0 0 1 
1 1 1 0 0 

Design 191
0 0 1 0 1 
0 0 1 1 1 
0 1 0 1 0 
1 0 0 1 1 
1 1 0 0 0 
1 1 1 0 0 

Design 192
0 0 1 0 1 
0 0 1 1 1 
0 1 0 1 0 
1 0 1 0 0 
1 1 0 0 1 
1 1 0 1 0 

Design 193
0 0 1 0 1 
0 0 1 1 1 
0 1 0 1 0 
1 0 1 0 1 
1 1 0 0 0 
1 1 0 1 0 

Design 194
0 0 1 0 1 
0 0 1 1 1 
0 1 0 1 0 
1 0 1 1 0 
1 1 0 0 0 
1 1 0 0 1 

Design 195
0 0 1 0 1 
0 0 1 1 1 
0 1 0 1 1 
1 0 0 1 0 
1 1 0 0 0 
1 1 1 0 0 

Design 196
0 0 1 0 1 
0 0 1 1 1 
0 1 0 1 1 
1 0 1 0 0 
1 1 0 0 0 
1 1 0 1 0 

Design 197
0 0 1 0 1 
0 0 1 1 1 
0 1 0 1 1 
1 0 1 1 0 
1 1 0 0 0 
1 1 0 0 0 

Design 198
0 0 1 0 1 
0 0 1 1 1 
0 1 1 0 0 
1 0 0 0 1 
1 1 0 1 0 
1 1 0 1 0 

Design 199
0 0 1 0 1 
0 0 1 1 1 
0 1 1 0 0 
1 0 0 1 0 
1 1 0 0 1 
1 1 0 1 0 

Design 200
0 0 1 0 1 
0 0 1 1 1 
0 1 1 0 0 
1 0 0 1 1 
1 1 0 0 0 
1 1 0 1 0 

Design 201
0 0 1 0 1 
0 0 1 1 1 
0 1 1 0 1 
1 0 0 1 0 
1 1 0 0 0 
1 1 0 1 0 

Design 202
0 0 1 0 1 
0 0 1 1 1 
0 1 1 1 0 
1 0 0 0 1 
1 1 0 0 0 
1 1 0 1 0 

Design 203
0 0 1 0 1 
0 0 1 1 1 
0 1 1 1 0 
1 0 0 1 0 
1 1 0 0 0 
1 1 0 0 1 

Design 204
0 0 1 0 1 
0 0 1 1 1 
0 1 1 1 0 
1 0 0 1 1 
1 1 0 0 0 
1 1 0 0 0 

Design 205
0 0 1 0 1 
0 1 0 0 1 
0 1 0 0 1 
1 0 1 1 0 
1 0 1 1 0 
1 1 0 1 0 

Design 206
0 0 1 0 1 
0 1 0 0 1 
0 1 0 1 0 
1 0 0 1 1 
1 0 1 1 0 
1 1 1 0 0 

Design 207
0 0 1 0 1 
0 1 0 0 1 
0 1 0 1 0 
1 0 1 0 1 
1 0 1 1 0 
1 1 0 1 0 

Design 208
0 0 1 0 1 
0 1 0 0 1 
0 1 0 1 0 
1 0 1 1 0 
1 0 1 1 0 
1 1 0 0 1 

Design 209
0 0 1 0 1 
0 1 0 0 1 
0 1 0 1 1 
1 0 0 1 0 
1 0 1 1 0 
1 1 1 0 0 

Design 210
0 0 1 0 1 
0 1 0 0 1 
0 1 0 1 1 
1 0 1 0 0 
1 0 1 1 0 
1 1 0 1 0 

Design 211
0 0 1 0 1 
0 1 0 0 1 
0 1 0 1 1 
1 0 1 1 0 
1 0 1 1 0 
1 1 0 0 0 

Design 212
0 0 1 0 1 
0 1 0 0 1 
0 1 1 0 0 
1 0 0 1 1 
1 0 1 1 0 
1 1 0 1 0 

Design 213
0 0 1 0 1 
0 1 0 0 1 
0 1 1 0 1 
1 0 0 1 0 
1 0 1 1 0 
1 1 0 1 0 

Design 214
0 0 1 0 1 
0 1 0 0 1 
0 1 1 1 0 
1 0 0 0 1 
1 0 1 1 0 
1 1 0 1 0 

Design 215
0 0 1 0 1 
0 1 0 0 1 
0 1 1 1 0 
1 0 0 1 0 
1 0 0 1 1 
1 1 1 0 0 

Design 216
0 0 1 0 1 
0 1 0 0 1 
0 1 1 1 0 
1 0 0 1 0 
1 0 1 0 1 
1 1 0 1 0 

Design 217
0 0 1 0 1 
0 1 0 0 1 
0 1 1 1 0 
1 0 0 1 0 
1 0 1 1 0 
1 1 0 0 1 

Design 218
0 0 1 0 1 
0 1 0 0 1 
0 1 1 1 0 
1 0 0 1 1 
1 0 1 0 0 
1 1 0 1 0 

Design 219
0 0 1 0 1 
0 1 0 0 1 
0 1 1 1 0 
1 0 0 1 1 
1 0 1 1 0 
1 1 0 0 0 

Design 220
0 0 1 0 1 
0 1 0 1 0 
0 1 0 1 0 
1 0 0 1 1 
1 0 1 0 1 
1 1 1 0 0 

Design 221
0 0 1 0 1 
0 1 0 1 0 
0 1 0 1 0 
1 0 1 0 1 
1 0 1 0 1 
1 1 0 1 0 

Design 222
0 0 1 0 1 
0 1 0 1 0 
0 1 0 1 0 
1 0 1 0 1 
1 0 1 1 0 
1 1 0 0 1 

Design 223
0 0 1 0 1 
0 1 0 1 0 
0 1 0 1 1 
1 0 0 0 1 
1 0 1 1 0 
1 1 1 0 0 

Design 224
0 0 1 0 1 
0 1 0 1 0 
0 1 0 1 1 
1 0 0 1 0 
1 0 1 0 1 
1 1 1 0 0 

Design 225
0 0 1 0 1 
0 1 0 1 0 
0 1 0 1 1 
1 0 0 1 1 
1 0 1 0 0 
1 1 1 0 0 

Design 226
0 0 1 0 1 
0 1 0 1 0 
0 1 0 1 1 
1 0 1 0 0 
1 0 1 0 1 
1 1 0 1 0 

Design 227
0 0 1 0 1 
0 1 0 1 0 
0 1 0 1 1 
1 0 1 0 0 
1 0 1 1 0 
1 1 0 0 1 

Design 228
0 0 1 0 1 
0 1 0 1 0 
0 1 0 1 1 
1 0 1 0 1 
1 0 1 1 0 
1 1 0 0 0 

Design 229
0 0 1 0 1 
0 1 0 1 0 
0 1 1 0 0 
1 0 0 1 1 
1 0 0 1 1 
1 1 1 0 0 

Design 230
0 0 1 0 1 
0 1 0 1 0 
0 1 1 0 0 
1 0 0 1 1 
1 0 1 0 1 
1 1 0 1 0 

Design 231
0 0 1 0 1 
0 1 0 1 0 
0 1 1 0 0 
1 0 0 1 1 
1 0 1 1 0 
1 1 0 0 1 

Design 232
0 0 1 0 1 
0 1 0 1 0 
0 1 1 0 1 
1 0 0 0 1 
1 0 1 1 0 
1 1 0 1 0 

Design 233
0 0 1 0 1 
0 1 0 1 0 
0 1 1 0 1 
1 0 0 1 0 
1 0 0 1 1 
1 1 1 0 0 

Design 234
0 0 1 0 1 
0 1 0 1 0 
0 1 1 0 1 
1 0 0 1 0 
1 0 1 0 1 
1 1 0 1 0 

Design 235
0 0 1 0 1 
0 1 0 1 0 
0 1 1 0 1 
1 0 0 1 0 
1 0 1 1 0 
1 1 0 0 1 

Design 236
0 0 1 0 1 
0 1 0 1 0 
0 1 1 0 1 
1 0 0 1 1 
1 0 1 0 0 
1 1 0 1 0 

Design 237
0 0 1 0 1 
0 1 0 1 0 
0 1 1 0 1 
1 0 0 1 1 
1 0 1 1 0 
1 1 0 0 0 

Design 238
0 0 1 0 1 
0 1 0 1 0 
0 1 1 1 0 
1 0 0 0 1 
1 0 0 1 1 
1 1 1 0 0 

Design 239
0 0 1 0 1 
0 1 0 1 0 
0 1 1 1 0 
1 0 0 0 1 
1 0 1 0 1 
1 1 0 1 0 

Design 240
0 0 1 0 1 
0 1 0 1 0 
0 1 1 1 0 
1 0 0 0 1 
1 0 1 1 0 
1 1 0 0 1 

Design 241
0 0 1 0 1 
0 1 0 1 0 
0 1 1 1 0 
1 0 0 1 0 
1 0 1 0 1 
1 1 0 0 1 

Design 242
0 0 1 0 1 
0 1 0 1 0 
0 1 1 1 0 
1 0 0 1 1 
1 0 1 0 0 
1 1 0 0 1 

Design 243
0 0 1 0 1 
0 1 0 1 0 
0 1 1 1 0 
1 0 0 1 1 
1 0 1 0 1 
1 1 0 0 0 

Design 244
0 0 1 0 1 
0 1 0 1 1 
0 1 0 1 1 
1 0 0 1 0 
1 0 1 0 0 
1 1 1 0 0 

Design 245
0 0 1 0 1 
0 1 0 1 1 
0 1 0 1 1 
1 0 1 0 0 
1 0 1 0 0 
1 1 0 1 0 

Design 246
0 0 1 0 1 
0 1 0 1 1 
0 1 0 1 1 
1 0 1 0 0 
1 0 1 1 0 
1 1 0 0 0 

Design 247
0 0 1 0 1 
0 1 0 1 1 
0 1 1 0 0 
1 0 0 0 1 
1 0 1 1 0 
1 1 0 1 0 

Design 248
0 0 1 0 1 
0 1 0 1 1 
0 1 1 0 0 
1 0 0 1 0 
1 0 0 1 1 
1 1 1 0 0 

Design 249
0 0 1 0 1 
0 1 0 1 1 
0 1 1 0 0 
1 0 0 1 0 
1 0 1 0 1 
1 1 0 1 0 

Design 250
0 0 1 0 1 
0 1 0 1 1 
0 1 1 0 0 
1 0 0 1 0 
1 0 1 1 0 
1 1 0 0 1 

Design 251
0 0 1 0 1 
0 1 0 1 1 
0 1 1 0 0 
1 0 0 1 1 
1 0 1 0 0 
1 1 0 1 0 

Design 252
0 0 1 0 1 
0 1 0 1 1 
0 1 1 0 0 
1 0 0 1 1 
1 0 1 1 0 
1 1 0 0 0 

Design 253
0 0 1 0 1 
0 1 0 1 1 
0 1 1 0 1 
1 0 0 1 0 
1 0 0 1 0 
1 1 1 0 0 

Design 254
0 0 1 0 1 
0 1 0 1 1 
0 1 1 0 1 
1 0 0 1 0 
1 0 1 0 0 
1 1 0 1 0 

Design 255
0 0 1 0 1 
0 1 0 1 1 
0 1 1 0 1 
1 0 0 1 0 
1 0 1 1 0 
1 1 0 0 0 

Design 256
0 0 1 0 1 
0 1 0 1 1 
0 1 1 1 0 
1 0 0 0 1 
1 0 0 1 0 
1 1 1 0 0 

Design 257
0 0 1 0 1 
0 1 0 1 1 
0 1 1 1 0 
1 0 0 0 1 
1 0 1 0 0 
1 1 0 1 0 

Design 258
0 0 1 0 1 
0 1 0 1 1 
0 1 1 1 0 
1 0 0 0 1 
1 0 1 1 0 
1 1 0 0 0 

Design 259
0 0 1 0 1 
0 1 0 1 1 
0 1 1 1 0 
1 0 0 1 0 
1 0 1 0 0 
1 1 0 0 1 

Design 260
0 0 1 0 1 
0 1 0 1 1 
0 1 1 1 0 
1 0 0 1 0 
1 0 1 0 1 
1 1 0 0 0 

Design 261
0 0 1 0 1 
0 1 0 1 1 
0 1 1 1 0 
1 0 0 1 1 
1 0 1 0 0 
1 1 0 0 0 

Design 262
0 0 1 0 1 
0 1 1 0 0 
0 1 1 0 0 
1 0 0 1 1 
1 0 0 1 1 
1 1 0 1 0 

Design 263
0 0 1 0 1 
0 1 1 0 0 
0 1 1 0 1 
1 0 0 1 0 
1 0 0 1 1 
1 1 0 1 0 

Design 264
0 0 1 0 1 
0 1 1 0 0 
0 1 1 1 0 
1 0 0 0 1 
1 0 0 1 1 
1 1 0 1 0 

Design 265
0 0 1 0 1 
0 1 1 0 0 
0 1 1 1 0 
1 0 0 1 0 
1 0 0 1 1 
1 1 0 0 1 

Design 266
0 0 1 0 1 
0 1 1 0 0 
0 1 1 1 0 
1 0 0 1 1 
1 0 0 1 1 
1 1 0 0 0 

Design 267
0 0 1 0 1 
0 1 1 0 1 
0 1 1 0 1 
1 0 0 1 0 
1 0 0 1 0 
1 1 0 1 0 

Design 268
0 0 1 0 1 
0 1 1 0 1 
0 1 1 1 0 
1 0 0 0 1 
1 0 0 1 0 
1 1 0 1 0 

Design 269
0 0 1 0 1 
0 1 1 0 1 
0 1 1 1 0 
1 0 0 1 0 
1 0 0 1 0 
1 1 0 0 1 

Design 270
0 0 1 0 1 
0 1 1 0 1 
0 1 1 1 0 
1 0 0 1 0 
1 0 0 1 1 
1 1 0 0 0 

Design 271
0 0 1 0 1 
0 1 1 1 0 
0 1 1 1 0 
1 0 0 0 1 
1 0 0 0 1 
1 1 0 1 0 

Design 272
0 0 1 0 1 
0 1 1 1 0 
0 1 1 1 0 
1 0 0 0 1 
1 0 0 1 0 
1 1 0 0 1 

Design 273
0 0 1 0 1 
0 1 1 1 0 
0 1 1 1 0 
1 0 0 0 1 
1 0 0 1 1 
1 1 0 0 0 

Design 274
0 0 1 1 0 
0 0 1 1 0 
0 0 1 1 0 
1 1 0 0 1 
1 1 0 0 1 
1 1 0 0 1 

Design 275
0 0 1 1 0 
0 0 1 1 0 
0 0 1 1 1 
1 1 0 0 0 
1 1 0 0 1 
1 1 0 0 1 

Design 276
0 0 1 1 0 
0 0 1 1 0 
0 1 0 0 1 
1 0 0 1 1 
1 1 0 0 1 
1 1 1 0 0 

Design 277
0 0 1 1 0 
0 0 1 1 0 
0 1 0 0 1 
1 0 1 0 1 
1 1 0 0 1 
1 1 0 1 0 

Design 278
0 0 1 1 0 
0 0 1 1 0 
0 1 0 0 1 
1 0 1 1 0 
1 1 0 0 1 
1 1 0 0 1 

Design 279
0 0 1 1 0 
0 0 1 1 0 
0 1 0 1 0 
1 0 1 0 1 
1 1 0 0 1 
1 1 0 0 1 

Design 280
0 0 1 1 0 
0 0 1 1 0 
0 1 0 1 1 
1 0 0 0 1 
1 1 0 0 1 
1 1 1 0 0 

Design 281
0 0 1 1 0 
0 0 1 1 0 
0 1 0 1 1 
1 0 1 0 0 
1 1 0 0 1 
1 1 0 0 1 

Design 282
0 0 1 1 0 
0 0 1 1 0 
0 1 0 1 1 
1 0 1 0 1 
1 1 0 0 0 
1 1 0 0 1 

Design 283
0 0 1 1 0 
0 0 1 1 0 
0 1 1 0 0 
1 0 0 1 1 
1 1 0 0 1 
1 1 0 0 1 

Design 284
0 0 1 1 0 
0 0 1 1 0 
0 1 1 0 1 
1 0 0 0 1 
1 1 0 0 1 
1 1 0 1 0 

Design 285
0 0 1 1 0 
0 0 1 1 0 
0 1 1 0 1 
1 0 0 1 0 
1 1 0 0 1 
1 1 0 0 1 

Design 286
0 0 1 1 0 
0 0 1 1 0 
0 1 1 0 1 
1 0 0 1 1 
1 1 0 0 0 
1 1 0 0 1 

Design 287
0 0 1 1 0 
0 0 1 1 0 
0 1 1 1 0 
1 0 0 0 1 
1 1 0 0 1 
1 1 0 0 1 

Design 288
0 0 1 1 0 
0 0 1 1 1 
0 0 1 1 1 
1 1 0 0 0 
1 1 0 0 0 
1 1 0 0 1 

Design 289
0 0 1 1 0 
0 0 1 1 1 
0 1 0 0 1 
1 0 0 0 1 
1 1 0 1 0 
1 1 1 0 0 

Design 290
0 0 1 1 0 
0 0 1 1 1 
0 1 0 0 1 
1 0 0 1 0 
1 1 0 0 1 
1 1 1 0 0 

Design 291
0 0 1 1 0 
0 0 1 1 1 
0 1 0 0 1 
1 0 0 1 1 
1 1 0 0 0 
1 1 1 0 0 

Design 292
0 0 1 1 0 
0 0 1 1 1 
0 1 0 0 1 
1 0 1 0 0 
1 1 0 0 1 
1 1 0 1 0 

Design 293
0 0 1 1 0 
0 0 1 1 1 
0 1 0 0 1 
1 0 1 0 1 
1 1 0 0 0 
1 1 0 1 0 

Design 294
0 0 1 1 0 
0 0 1 1 1 
0 1 0 0 1 
1 0 1 1 0 
1 1 0 0 0 
1 1 0 0 1 

Design 295
0 0 1 1 0 
0 0 1 1 1 
0 1 0 1 0 
1 0 0 0 1 
1 1 0 0 1 
1 1 1 0 0 

Design 296
0 0 1 1 0 
0 0 1 1 1 
0 1 0 1 0 
1 0 1 0 0 
1 1 0 0 1 
1 1 0 0 1 

Design 297
0 0 1 1 0 
0 0 1 1 1 
0 1 0 1 0 
1 0 1 0 1 
1 1 0 0 0 
1 1 0 0 1 

Design 298
0 0 1 1 0 
0 0 1 1 1 
0 1 0 1 1 
1 0 0 0 1 
1 1 0 0 0 
1 1 1 0 0 

Design 299
0 0 1 1 0 
0 0 1 1 1 
0 1 0 1 1 
1 0 1 0 0 
1 1 0 0 0 
1 1 0 0 1 

Design 300
0 0 1 1 0 
0 0 1 1 1 
0 1 0 1 1 
1 0 1 0 1 
1 1 0 0 0 
1 1 0 0 0 

Design 301
0 0 1 1 0 
0 0 1 1 1 
0 1 1 0 0 
1 0 0 0 1 
1 1 0 0 1 
1 1 0 1 0 

Design 302
0 0 1 1 0 
0 0 1 1 1 
0 1 1 0 0 
1 0 0 1 0 
1 1 0 0 1 
1 1 0 0 1 

Design 303
0 0 1 1 0 
0 0 1 1 1 
0 1 1 0 0 
1 0 0 1 1 
1 1 0 0 0 
1 1 0 0 1 

Design 304
0 0 1 1 0 
0 0 1 1 1 
0 1 1 0 1 
1 0 0 0 1 
1 1 0 0 0 
1 1 0 1 0 

Design 305
0 0 1 1 0 
0 0 1 1 1 
0 1 1 0 1 
1 0 0 1 0 
1 1 0 0 0 
1 1 0 0 1 

Design 306
0 0 1 1 0 
0 0 1 1 1 
0 1 1 0 1 
1 0 0 1 1 
1 1 0 0 0 
1 1 0 0 0 

Design 307
0 0 1 1 0 
0 0 1 1 1 
0 1 1 1 0 
1 0 0 0 1 
1 1 0 0 0 
1 1 0 0 1 

Design 308
0 0 1 1 0 
0 1 0 0 1 
0 1 0 0 1 
1 0 0 1 1 
1 0 1 1 0 
1 1 1 0 0 

Design 309
0 0 1 1 0 
0 1 0 0 1 
0 1 0 0 1 
1 0 1 0 1 
1 0 1 1 0 
1 1 0 1 0 

Design 310
0 0 1 1 0 
0 1 0 0 1 
0 1 0 0 1 
1 0 1 1 0 
1 0 1 1 0 
1 1 0 0 1 

Design 311
0 0 1 1 0 
0 1 0 0 1 
0 1 0 1 0 
1 0 0 1 1 
1 0 1 0 1 
1 1 1 0 0 

Design 312
0 0 1 1 0 
0 1 0 0 1 
0 1 0 1 0 
1 0 1 0 1 
1 0 1 0 1 
1 1 0 1 0 

Design 313
0 0 1 1 0 
0 1 0 0 1 
0 1 0 1 0 
1 0 1 0 1 
1 0 1 1 0 
1 1 0 0 1 

Design 314
0 0 1 1 0 
0 1 0 0 1 
0 1 0 1 1 
1 0 0 0 1 
1 0 1 1 0 
1 1 1 0 0 

Design 315
0 0 1 1 0 
0 1 0 0 1 
0 1 0 1 1 
1 0 0 1 0 
1 0 1 0 1 
1 1 1 0 0 

Design 316
0 0 1 1 0 
0 1 0 0 1 
0 1 0 1 1 
1 0 0 1 1 
1 0 1 0 0 
1 1 1 0 0 

Design 317
0 0 1 1 0 
0 1 0 0 1 
0 1 0 1 1 
1 0 1 0 0 
1 0 1 0 1 
1 1 0 1 0 

Design 318
0 0 1 1 0 
0 1 0 0 1 
0 1 0 1 1 
1 0 1 0 0 
1 0 1 1 0 
1 1 0 0 1 

Design 319
0 0 1 1 0 
0 1 0 0 1 
0 1 0 1 1 
1 0 1 0 1 
1 0 1 1 0 
1 1 0 0 0 

Design 320
0 0 1 1 0 
0 1 0 0 1 
0 1 1 0 0 
1 0 0 1 1 
1 0 0 1 1 
1 1 1 0 0 

Design 321
0 0 1 1 0 
0 1 0 0 1 
0 1 1 0 0 
1 0 0 1 1 
1 0 1 0 1 
1 1 0 1 0 

Design 322
0 0 1 1 0 
0 1 0 0 1 
0 1 1 0 0 
1 0 0 1 1 
1 0 1 1 0 
1 1 0 0 1 

Design 323
0 0 1 1 0 
0 1 0 0 1 
0 1 1 0 1 
1 0 0 0 1 
1 0 1 1 0 
1 1 0 1 0 

Design 324
0 0 1 1 0 
0 1 0 0 1 
0 1 1 0 1 
1 0 0 1 0 
1 0 0 1 1 
1 1 1 0 0 

Design 325
0 0 1 1 0 
0 1 0 0 1 
0 1 1 0 1 
1 0 0 1 0 
1 0 1 0 1 
1 1 0 1 0 

Design 326
0 0 1 1 0 
0 1 0 0 1 
0 1 1 0 1 
1 0 0 1 0 
1 0 1 1 0 
1 1 0 0 1 

Design 327
0 0 1 1 0 
0 1 0 0 1 
0 1 1 0 1 
1 0 0 1 1 
1 0 1 0 0 
1 1 0 1 0 

Design 328
0 0 1 1 0 
0 1 0 0 1 
0 1 1 0 1 
1 0 0 1 1 
1 0 1 1 0 
1 1 0 0 0 

Design 329
0 0 1 1 0 
0 1 0 0 1 
0 1 1 1 0 
1 0 0 0 1 
1 0 0 1 1 
1 1 1 0 0 

Design 330
0 0 1 1 0 
0 1 0 0 1 
0 1 1 1 0 
1 0 0 0 1 
1 0 1 0 1 
1 1 0 1 0 

Design 331
0 0 1 1 0 
0 1 0 0 1 
0 1 1 1 0 
1 0 0 0 1 
1 0 1 1 0 
1 1 0 0 1 

Design 332
0 0 1 1 0 
0 1 0 0 1 
0 1 1 1 0 
1 0 0 1 0 
1 0 1 0 1 
1 1 0 0 1 

Design 333
0 0 1 1 0 
0 1 0 0 1 
0 1 1 1 0 
1 0 0 1 1 
1 0 1 0 0 
1 1 0 0 1 

Design 334
0 0 1 1 0 
0 1 0 0 1 
0 1 1 1 0 
1 0 0 1 1 
1 0 1 0 1 
1 1 0 0 0 

Design 335
0 0 1 1 0 
0 1 0 1 0 
0 1 0 1 0 
1 0 1 0 1 
1 0 1 0 1 
1 1 0 0 1 

Design 336
0 0 1 1 0 
0 1 0 1 0 
0 1 0 1 1 
1 0 0 0 1 
1 0 1 0 1 
1 1 1 0 0 

Design 337
0 0 1 1 0 
0 1 0 1 0 
0 1 0 1 1 
1 0 1 0 0 
1 0 1 0 1 
1 1 0 0 1 

Design 338
0 0 1 1 0 
0 1 0 1 0 
0 1 0 1 1 
1 0 1 0 1 
1 0 1 0 1 
1 1 0 0 0 

Design 339
0 0 1 1 0 
0 1 0 1 0 
0 1 1 0 0 
1 0 0 1 1 
1 0 1 0 1 
1 1 0 0 1 

Design 340
0 0 1 1 0 
0 1 0 1 0 
0 1 1 0 1 
1 0 0 0 1 
1 0 0 1 1 
1 1 1 0 0 

Design 341
0 0 1 1 0 
0 1 0 1 0 
0 1 1 0 1 
1 0 0 0 1 
1 0 1 0 1 
1 1 0 1 0 

Design 342
0 0 1 1 0 
0 1 0 1 0 
0 1 1 0 1 
1 0 0 0 1 
1 0 1 1 0 
1 1 0 0 1 

Design 343
0 0 1 1 0 
0 1 0 1 0 
0 1 1 0 1 
1 0 0 1 0 
1 0 1 0 1 
1 1 0 0 1 

Design 344
0 0 1 1 0 
0 1 0 1 0 
0 1 1 0 1 
1 0 0 1 1 
1 0 1 0 0 
1 1 0 0 1 

Design 345
0 0 1 1 0 
0 1 0 1 0 
0 1 1 0 1 
1 0 0 1 1 
1 0 1 0 1 
1 1 0 0 0 

Design 346
0 0 1 1 0 
0 1 0 1 0 
0 1 1 1 0 
1 0 0 0 1 
1 0 1 0 1 
1 1 0 0 1 

Design 347
0 0 1 1 0 
0 1 0 1 1 
0 1 0 1 1 
1 0 0 0 1 
1 0 1 0 0 
1 1 1 0 0 

Design 348
0 0 1 1 0 
0 1 0 1 1 
0 1 0 1 1 
1 0 1 0 0 
1 0 1 0 0 
1 1 0 0 1 

Design 349
0 0 1 1 0 
0 1 0 1 1 
0 1 0 1 1 
1 0 1 0 0 
1 0 1 0 1 
1 1 0 0 0 

Design 350
0 0 1 1 0 
0 1 0 1 1 
0 1 1 0 0 
1 0 0 0 1 
1 0 0 1 1 
1 1 1 0 0 

Design 351
0 0 1 1 0 
0 1 0 1 1 
0 1 1 0 0 
1 0 0 0 1 
1 0 1 0 1 
1 1 0 1 0 

Design 352
0 0 1 1 0 
0 1 0 1 1 
0 1 1 0 0 
1 0 0 0 1 
1 0 1 1 0 
1 1 0 0 1 

Design 353
0 0 1 1 0 
0 1 0 1 1 
0 1 1 0 0 
1 0 0 1 0 
1 0 1 0 1 
1 1 0 0 1 

Design 354
0 0 1 1 0 
0 1 0 1 1 
0 1 1 0 0 
1 0 0 1 1 
1 0 1 0 0 
1 1 0 0 1 

Design 355
0 0 1 1 0 
0 1 0 1 1 
0 1 1 0 0 
1 0 0 1 1 
1 0 1 0 1 
1 1 0 0 0 

Design 356
0 0 1 1 0 
0 1 0 1 1 
0 1 1 0 1 
1 0 0 0 1 
1 0 0 1 0 
1 1 1 0 0 

Design 357
0 0 1 1 0 
0 1 0 1 1 
0 1 1 0 1 
1 0 0 0 1 
1 0 1 0 0 
1 1 0 1 0 

Design 358
0 0 1 1 0 
0 1 0 1 1 
0 1 1 0 1 
1 0 0 0 1 
1 0 1 1 0 
1 1 0 0 0 

Design 359
0 0 1 1 0 
0 1 0 1 1 
0 1 1 0 1 
1 0 0 1 0 
1 0 1 0 0 
1 1 0 0 1 

Design 360
0 0 1 1 0 
0 1 0 1 1 
0 1 1 0 1 
1 0 0 1 0 
1 0 1 0 1 
1 1 0 0 0 

Design 361
0 0 1 1 0 
0 1 0 1 1 
0 1 1 0 1 
1 0 0 1 1 
1 0 1 0 0 
1 1 0 0 0 

Design 362
0 0 1 1 0 
0 1 0 1 1 
0 1 1 1 0 
1 0 0 0 1 
1 0 0 0 1 
1 1 1 0 0 

Design 363
0 0 1 1 0 
0 1 0 1 1 
0 1 1 1 0 
1 0 0 0 1 
1 0 1 0 0 
1 1 0 0 1 

Design 364
0 0 1 1 0 
0 1 0 1 1 
0 1 1 1 0 
1 0 0 0 1 
1 0 1 0 1 
1 1 0 0 0 

Design 365
0 0 1 1 0 
0 1 1 0 0 
0 1 1 0 0 
1 0 0 1 1 
1 0 0 1 1 
1 1 0 0 1 

Design 366
0 0 1 1 0 
0 1 1 0 0 
0 1 1 0 1 
1 0 0 0 1 
1 0 0 1 1 
1 1 0 1 0 

Design 367
0 0 1 1 0 
0 1 1 0 0 
0 1 1 0 1 
1 0 0 1 0 
1 0 0 1 1 
1 1 0 0 1 

Design 368
0 0 1 1 0 
0 1 1 0 0 
0 1 1 0 1 
1 0 0 1 1 
1 0 0 1 1 
1 1 0 0 0 

Design 369
0 0 1 1 0 
0 1 1 0 0 
0 1 1 1 0 
1 0 0 0 1 
1 0 0 1 1 
1 1 0 0 1 

Design 370
0 0 1 1 0 
0 1 1 0 1 
0 1 1 0 1 
1 0 0 0 1 
1 0 0 1 0 
1 1 0 1 0 

Design 371
0 0 1 1 0 
0 1 1 0 1 
0 1 1 0 1 
1 0 0 1 0 
1 0 0 1 0 
1 1 0 0 1 

Design 372
0 0 1 1 0 
0 1 1 0 1 
0 1 1 0 1 
1 0 0 1 0 
1 0 0 1 1 
1 1 0 0 0 

Design 373
0 0 1 1 0 
0 1 1 0 1 
0 1 1 1 0 
1 0 0 0 1 
1 0 0 0 1 
1 1 0 1 0 

Design 374
0 0 1 1 0 
0 1 1 0 1 
0 1 1 1 0 
1 0 0 0 1 
1 0 0 1 0 
1 1 0 0 1 

Design 375
0 0 1 1 0 
0 1 1 0 1 
0 1 1 1 0 
1 0 0 0 1 
1 0 0 1 1 
1 1 0 0 0 

Design 376
0 0 1 1 0 
0 1 1 1 0 
0 1 1 1 0 
1 0 0 0 1 
1 0 0 0 1 
1 1 0 0 1 

Design 377
0 0 1 1 1 
0 0 1 1 1 
0 0 1 1 1 
1 1 0 0 0 
1 1 0 0 0 
1 1 0 0 0 

Design 378
0 0 1 1 1 
0 0 1 1 1 
0 1 0 0 1 
1 0 0 1 0 
1 1 0 0 0 
1 1 1 0 0 

Design 379
0 0 1 1 1 
0 0 1 1 1 
0 1 0 0 1 
1 0 1 0 0 
1 1 0 0 0 
1 1 0 1 0 

Design 380
0 0 1 1 1 
0 0 1 1 1 
0 1 0 0 1 
1 0 1 1 0 
1 1 0 0 0 
1 1 0 0 0 

Design 381
0 0 1 1 1 
0 0 1 1 1 
0 1 0 1 0 
1 0 0 0 1 
1 1 0 0 0 
1 1 1 0 0 

Design 382
0 0 1 1 1 
0 0 1 1 1 
0 1 0 1 0 
1 0 1 0 0 
1 1 0 0 0 
1 1 0 0 1 

Design 383
0 0 1 1 1 
0 0 1 1 1 
0 1 0 1 0 
1 0 1 0 1 
1 1 0 0 0 
1 1 0 0 0 

Design 384
0 0 1 1 1 
0 0 1 1 1 
0 1 0 1 1 
1 0 1 0 0 
1 1 0 0 0 
1 1 0 0 0 

Design 385
0 0 1 1 1 
0 0 1 1 1 
0 1 1 0 0 
1 0 0 0 1 
1 1 0 0 0 
1 1 0 1 0 

Design 386
0 0 1 1 1 
0 0 1 1 1 
0 1 1 0 0 
1 0 0 1 0 
1 1 0 0 0 
1 1 0 0 1 

Design 387
0 0 1 1 1 
0 0 1 1 1 
0 1 1 0 0 
1 0 0 1 1 
1 1 0 0 0 
1 1 0 0 0 

Design 388
0 0 1 1 1 
0 0 1 1 1 
0 1 1 0 1 
1 0 0 1 0 
1 1 0 0 0 
1 1 0 0 0 

Design 389
0 0 1 1 1 
0 0 1 1 1 
0 1 1 1 0 
1 0 0 0 1 
1 1 0 0 0 
1 1 0 0 0 

Design 390
0 0 1 1 1 
0 1 0 0 1 
0 1 0 0 1 
1 0 0 1 0 
1 0 1 1 0 
1 1 1 0 0 

Design 391
0 0 1 1 1 
0 1 0 0 1 
0 1 0 0 1 
1 0 1 0 0 
1 0 1 1 0 
1 1 0 1 0 

Design 392
0 0 1 1 1 
0 1 0 0 1 
0 1 0 0 1 
1 0 1 1 0 
1 0 1 1 0 
1 1 0 0 0 

Design 393
0 0 1 1 1 
0 1 0 0 1 
0 1 0 1 0 
1 0 0 0 1 
1 0 1 1 0 
1 1 1 0 0 

Design 394
0 0 1 1 1 
0 1 0 0 1 
0 1 0 1 0 
1 0 0 1 0 
1 0 1 0 1 
1 1 1 0 0 

Design 395
0 0 1 1 1 
0 1 0 0 1 
0 1 0 1 0 
1 0 0 1 1 
1 0 1 0 0 
1 1 1 0 0 

Design 396
0 0 1 1 1 
0 1 0 0 1 
0 1 0 1 0 
1 0 1 0 0 
1 0 1 0 1 
1 1 0 1 0 

Design 397
0 0 1 1 1 
0 1 0 0 1 
0 1 0 1 0 
1 0 1 0 0 
1 0 1 1 0 
1 1 0 0 1 

Design 398
0 0 1 1 1 
0 1 0 0 1 
0 1 0 1 0 
1 0 1 0 1 
1 0 1 1 0 
1 1 0 0 0 

Design 399
0 0 1 1 1 
0 1 0 0 1 
0 1 0 1 1 
1 0 0 1 0 
1 0 1 0 0 
1 1 1 0 0 

Design 400
0 0 1 1 1 
0 1 0 0 1 
0 1 0 1 1 
1 0 1 0 0 
1 0 1 0 0 
1 1 0 1 0 

Design 401
0 0 1 1 1 
0 1 0 0 1 
0 1 0 1 1 
1 0 1 0 0 
1 0 1 1 0 
1 1 0 0 0 

Design 402
0 0 1 1 1 
0 1 0 0 1 
0 1 1 0 0 
1 0 0 0 1 
1 0 1 1 0 
1 1 0 1 0 

Design 403
0 0 1 1 1 
0 1 0 0 1 
0 1 1 0 0 
1 0 0 1 0 
1 0 0 1 1 
1 1 1 0 0 

Design 404
0 0 1 1 1 
0 1 0 0 1 
0 1 1 0 0 
1 0 0 1 0 
1 0 1 0 1 
1 1 0 1 0 

Design 405
0 0 1 1 1 
0 1 0 0 1 
0 1 1 0 0 
1 0 0 1 0 
1 0 1 1 0 
1 1 0 0 1 

Design 406
0 0 1 1 1 
0 1 0 0 1 
0 1 1 0 0 
1 0 0 1 1 
1 0 1 0 0 
1 1 0 1 0 

Design 407
0 0 1 1 1 
0 1 0 0 1 
0 1 1 0 0 
1 0 0 1 1 
1 0 1 1 0 
1 1 0 0 0 

Design 408
0 0 1 1 1 
0 1 0 0 1 
0 1 1 0 1 
1 0 0 1 0 
1 0 0 1 0 
1 1 1 0 0 

Design 409
0 0 1 1 1 
0 1 0 0 1 
0 1 1 0 1 
1 0 0 1 0 
1 0 1 0 0 
1 1 0 1 0 

Design 410
0 0 1 1 1 
0 1 0 0 1 
0 1 1 0 1 
1 0 0 1 0 
1 0 1 1 0 
1 1 0 0 0 

Design 411
0 0 1 1 1 
0 1 0 0 1 
0 1 1 1 0 
1 0 0 0 1 
1 0 0 1 0 
1 1 1 0 0 

Design 412
0 0 1 1 1 
0 1 0 0 1 
0 1 1 1 0 
1 0 0 0 1 
1 0 1 0 0 
1 1 0 1 0 

Design 413
0 0 1 1 1 
0 1 0 0 1 
0 1 1 1 0 
1 0 0 0 1 
1 0 1 1 0 
1 1 0 0 0 

Design 414
0 0 1 1 1 
0 1 0 0 1 
0 1 1 1 0 
1 0 0 1 0 
1 0 1 0 0 
1 1 0 0 1 

Design 415
0 0 1 1 1 
0 1 0 0 1 
0 1 1 1 0 
1 0 0 1 0 
1 0 1 0 1 
1 1 0 0 0 

Design 416
0 0 1 1 1 
0 1 0 0 1 
0 1 1 1 0 
1 0 0 1 1 
1 0 1 0 0 
1 1 0 0 0 

Design 417
0 0 1 1 1 
0 1 0 1 0 
0 1 0 1 0 
1 0 0 0 1 
1 0 1 0 1 
1 1 1 0 0 

Design 418
0 0 1 1 1 
0 1 0 1 0 
0 1 0 1 0 
1 0 1 0 0 
1 0 1 0 1 
1 1 0 0 1 

Design 419
0 0 1 1 1 
0 1 0 1 0 
0 1 0 1 0 
1 0 1 0 1 
1 0 1 0 1 
1 1 0 0 0 

Design 420
0 0 1 1 1 
0 1 0 1 0 
0 1 0 1 1 
1 0 0 0 1 
1 0 1 0 0 
1 1 1 0 0 

Design 421
0 0 1 1 1 
0 1 0 1 0 
0 1 0 1 1 
1 0 1 0 0 
1 0 1 0 0 
1 1 0 0 1 

Design 422
0 0 1 1 1 
0 1 0 1 0 
0 1 0 1 1 
1 0 1 0 0 
1 0 1 0 1 
1 1 0 0 0 

Design 423
0 0 1 1 1 
0 1 0 1 0 
0 1 1 0 0 
1 0 0 0 1 
1 0 0 1 1 
1 1 1 0 0 

Design 424
0 0 1 1 1 
0 1 0 1 0 
0 1 1 0 0 
1 0 0 0 1 
1 0 1 0 1 
1 1 0 1 0 

Design 425
0 0 1 1 1 
0 1 0 1 0 
0 1 1 0 0 
1 0 0 0 1 
1 0 1 1 0 
1 1 0 0 1 

Design 426
0 0 1 1 1 
0 1 0 1 0 
0 1 1 0 0 
1 0 0 1 0 
1 0 1 0 1 
1 1 0 0 1 

Design 427
0 0 1 1 1 
0 1 0 1 0 
0 1 1 0 0 
1 0 0 1 1 
1 0 1 0 0 
1 1 0 0 1 

Design 428
0 0 1 1 1 
0 1 0 1 0 
0 1 1 0 0 
1 0 0 1 1 
1 0 1 0 1 
1 1 0 0 0 

Design 429
0 0 1 1 1 
0 1 0 1 0 
0 1 1 0 1 
1 0 0 0 1 
1 0 0 1 0 
1 1 1 0 0 

Design 430
0 0 1 1 1 
0 1 0 1 0 
0 1 1 0 1 
1 0 0 0 1 
1 0 1 0 0 
1 1 0 1 0 

Design 431
0 0 1 1 1 
0 1 0 1 0 
0 1 1 0 1 
1 0 0 0 1 
1 0 1 1 0 
1 1 0 0 0 

Design 432
0 0 1 1 1 
0 1 0 1 0 
0 1 1 0 1 
1 0 0 1 0 
1 0 1 0 0 
1 1 0 0 1 

Design 433
0 0 1 1 1 
0 1 0 1 0 
0 1 1 0 1 
1 0 0 1 0 
1 0 1 0 1 
1 1 0 0 0 

Design 434
0 0 1 1 1 
0 1 0 1 0 
0 1 1 0 1 
1 0 0 1 1 
1 0 1 0 0 
1 1 0 0 0 

Design 435
0 0 1 1 1 
0 1 0 1 0 
0 1 1 1 0 
1 0 0 0 1 
1 0 0 0 1 
1 1 1 0 0 

Design 436
0 0 1 1 1 
0 1 0 1 0 
0 1 1 1 0 
1 0 0 0 1 
1 0 1 0 0 
1 1 0 0 1 

Design 437
0 0 1 1 1 
0 1 0 1 0 
0 1 1 1 0 
1 0 0 0 1 
1 0 1 0 1 
1 1 0 0 0 

Design 438
0 0 1 1 1 
0 1 0 1 1 
0 1 0 1 1 
1 0 1 0 0 
1 0 1 0 0 
1 1 0 0 0 

Design 439
0 0 1 1 1 
0 1 0 1 1 
0 1 1 0 0 
1 0 0 0 1 
1 0 0 1 0 
1 1 1 0 0 

Design 440
0 0 1 1 1 
0 1 0 1 1 
0 1 1 0 0 
1 0 0 0 1 
1 0 1 0 0 
1 1 0 1 0 

Design 441
0 0 1 1 1 
0 1 0 1 1 
0 1 1 0 0 
1 0 0 0 1 
1 0 1 1 0 
1 1 0 0 0 

Design 442
0 0 1 1 1 
0 1 0 1 1 
0 1 1 0 0 
1 0 0 1 0 
1 0 1 0 0 
1 1 0 0 1 

Design 443
0 0 1 1 1 
0 1 0 1 1 
0 1 1 0 0 
1 0 0 1 0 
1 0 1 0 1 
1 1 0 0 0 

Design 444
0 0 1 1 1 
0 1 0 1 1 
0 1 1 0 0 
1 0 0 1 1 
1 0 1 0 0 
1 1 0 0 0 

Design 445
0 0 1 1 1 
0 1 0 1 1 
0 1 1 0 1 
1 0 0 1 0 
1 0 1 0 0 
1 1 0 0 0 

Design 446
0 0 1 1 1 
0 1 0 1 1 
0 1 1 1 0 
1 0 0 0 1 
1 0 1 0 0 
1 1 0 0 0 

Design 447
0 0 1 1 1 
0 1 1 0 0 
0 1 1 0 0 
1 0 0 0 1 
1 0 0 1 1 
1 1 0 1 0 

Design 448
0 0 1 1 1 
0 1 1 0 0 
0 1 1 0 0 
1 0 0 1 0 
1 0 0 1 1 
1 1 0 0 1 

Design 449
0 0 1 1 1 
0 1 1 0 0 
0 1 1 0 0 
1 0 0 1 1 
1 0 0 1 1 
1 1 0 0 0 

Design 450
0 0 1 1 1 
0 1 1 0 0 
0 1 1 0 1 
1 0 0 0 1 
1 0 0 1 0 
1 1 0 1 0 

Design 451
0 0 1 1 1 
0 1 1 0 0 
0 1 1 0 1 
1 0 0 1 0 
1 0 0 1 0 
1 1 0 0 1 

Design 452
0 0 1 1 1 
0 1 1 0 0 
0 1 1 0 1 
1 0 0 1 0 
1 0 0 1 1 
1 1 0 0 0 

Design 453
0 0 1 1 1 
0 1 1 0 0 
0 1 1 1 0 
1 0 0 0 1 
1 0 0 0 1 
1 1 0 1 0 

Design 454
0 0 1 1 1 
0 1 1 0 0 
0 1 1 1 0 
1 0 0 0 1 
1 0 0 1 0 
1 1 0 0 1 

Design 455
0 0 1 1 1 
0 1 1 0 0 
0 1 1 1 0 
1 0 0 0 1 
1 0 0 1 1 
1 1 0 0 0 

Design 456
0 0 1 1 1 
0 1 1 0 1 
0 1 1 0 1 
1 0 0 1 0 
1 0 0 1 0 
1 1 0 0 0 

Design 457
0 0 1 1 1 
0 1 1 0 1 
0 1 1 1 0 
1 0 0 0 1 
1 0 0 1 0 
1 1 0 0 0 

Design 458
0 0 1 1 1 
0 1 1 1 0 
0 1 1 1 0 
1 0 0 0 1 
1 0 0 0 1 
1 1 0 0 0 

Design 459
0 1 0 0 1 
0 1 0 0 1 
0 1 0 0 1 
1 0 1 1 0 
1 0 1 1 0 
1 0 1 1 0 

Design 460
0 1 0 0 1 
0 1 0 0 1 
0 1 0 1 0 
1 0 1 0 1 
1 0 1 1 0 
1 0 1 1 0 

Design 461
0 1 0 0 1 
0 1 0 0 1 
0 1 0 1 1 
1 0 1 0 0 
1 0 1 1 0 
1 0 1 1 0 

Design 462
0 1 0 0 1 
0 1 0 0 1 
0 1 1 0 0 
1 0 0 1 1 
1 0 1 1 0 
1 0 1 1 0 

Design 463
0 1 0 0 1 
0 1 0 0 1 
0 1 1 0 1 
1 0 0 1 0 
1 0 1 1 0 
1 0 1 1 0 

Design 464
0 1 0 0 1 
0 1 0 0 1 
0 1 1 1 0 
1 0 0 0 1 
1 0 1 1 0 
1 0 1 1 0 

Design 465
0 1 0 0 1 
0 1 0 0 1 
0 1 1 1 0 
1 0 0 1 0 
1 0 1 0 1 
1 0 1 1 0 

Design 466
0 1 0 0 1 
0 1 0 0 1 
0 1 1 1 0 
1 0 0 1 1 
1 0 1 0 0 
1 0 1 1 0 

Design 467
0 1 0 0 1 
0 1 0 1 0 
0 1 0 1 0 
1 0 1 0 1 
1 0 1 0 1 
1 0 1 1 0 

Design 468
0 1 0 0 1 
0 1 0 1 0 
0 1 0 1 1 
1 0 1 0 0 
1 0 1 0 1 
1 0 1 1 0 

Design 469
0 1 0 0 1 
0 1 0 1 0 
0 1 1 0 0 
1 0 0 1 1 
1 0 1 0 1 
1 0 1 1 0 

Design 470
0 1 0 0 1 
0 1 0 1 0 
0 1 1 0 1 
1 0 0 0 1 
1 0 1 1 0 
1 0 1 1 0 

Design 471
0 1 0 0 1 
0 1 0 1 0 
0 1 1 0 1 
1 0 0 1 0 
1 0 1 0 1 
1 0 1 1 0 

Design 472
0 1 0 0 1 
0 1 0 1 0 
0 1 1 0 1 
1 0 0 1 1 
1 0 1 0 0 
1 0 1 1 0 

Design 473
0 1 0 0 1 
0 1 0 1 0 
0 1 1 1 0 
1 0 0 0 1 
1 0 1 0 1 
1 0 1 1 0 

Design 474
0 1 0 0 1 
0 1 0 1 0 
0 1 1 1 0 
1 0 0 1 0 
1 0 1 0 1 
1 0 1 0 1 

Design 475
0 1 0 0 1 
0 1 0 1 0 
0 1 1 1 0 
1 0 0 1 1 
1 0 1 0 0 
1 0 1 0 1 

Design 476
0 1 0 0 1 
0 1 0 1 1 
0 1 0 1 1 
1 0 1 0 0 
1 0 1 0 0 
1 0 1 1 0 

Design 477
0 1 0 0 1 
0 1 0 1 1 
0 1 1 0 0 
1 0 0 0 1 
1 0 1 1 0 
1 0 1 1 0 

Design 478
0 1 0 0 1 
0 1 0 1 1 
0 1 1 0 0 
1 0 0 1 0 
1 0 1 0 1 
1 0 1 1 0 

Design 479
0 1 0 0 1 
0 1 0 1 1 
0 1 1 0 0 
1 0 0 1 1 
1 0 1 0 0 
1 0 1 1 0 

Design 480
0 1 0 0 1 
0 1 0 1 1 
0 1 1 0 1 
1 0 0 1 0 
1 0 1 0 0 
1 0 1 1 0 

Design 481
0 1 0 0 1 
0 1 0 1 1 
0 1 1 1 0 
1 0 0 0 1 
1 0 1 0 0 
1 0 1 1 0 

Design 482
0 1 0 0 1 
0 1 0 1 1 
0 1 1 1 0 
1 0 0 1 0 
1 0 1 0 0 
1 0 1 0 1 

Design 483
0 1 0 0 1 
0 1 0 1 1 
0 1 1 1 0 
1 0 0 1 1 
1 0 1 0 0 
1 0 1 0 0 

Design 484
0 1 0 0 1 
0 1 1 0 0 
0 1 1 0 0 
1 0 0 1 1 
1 0 0 1 1 
1 0 1 1 0 

Design 485
0 1 0 0 1 
0 1 1 0 0 
0 1 1 0 1 
1 0 0 1 0 
1 0 0 1 1 
1 0 1 1 0 

Design 486
0 1 0 0 1 
0 1 1 0 0 
0 1 1 1 0 
1 0 0 0 1 
1 0 0 1 1 
1 0 1 1 0 

Design 487
0 1 0 0 1 
0 1 1 0 0 
0 1 1 1 0 
1 0 0 1 0 
1 0 0 1 1 
1 0 1 0 1 

Design 488
0 1 0 0 1 
0 1 1 0 0 
0 1 1 1 0 
1 0 0 1 1 
1 0 0 1 1 
1 0 1 0 0 

Design 489
0 1 0 0 1 
0 1 1 0 1 
0 1 1 0 1 
1 0 0 1 0 
1 0 0 1 0 
1 0 1 1 0 

Design 490
0 1 0 0 1 
0 1 1 0 1 
0 1 1 1 0 
1 0 0 0 1 
1 0 0 1 0 
1 0 1 1 0 

Design 491
0 1 0 0 1 
0 1 1 0 1 
0 1 1 1 0 
1 0 0 1 0 
1 0 0 1 0 
1 0 1 0 1 

Design 492
0 1 0 0 1 
0 1 1 0 1 
0 1 1 1 0 
1 0 0 1 0 
1 0 0 1 1 
1 0 1 0 0 

Design 493
0 1 0 0 1 
0 1 1 1 0 
0 1 1 1 0 
1 0 0 0 1 
1 0 0 0 1 
1 0 1 1 0 

Design 494
0 1 0 0 1 
0 1 1 1 0 
0 1 1 1 0 
1 0 0 0 1 
1 0 0 1 0 
1 0 1 0 1 

Design 495
0 1 0 0 1 
0 1 1 1 0 
0 1 1 1 0 
1 0 0 0 1 
1 0 0 1 1 
1 0 1 0 0 

Design 496
0 1 0 1 0 
0 1 0 1 0 
0 1 0 1 0 
1 0 1 0 1 
1 0 1 0 1 
1 0 1 0 1 

Design 497
0 1 0 1 0 
0 1 0 1 0 
0 1 0 1 1 
1 0 1 0 0 
1 0 1 0 1 
1 0 1 0 1 

Design 498
0 1 0 1 0 
0 1 0 1 0 
0 1 1 0 0 
1 0 0 1 1 
1 0 1 0 1 
1 0 1 0 1 

Design 499
0 1 0 1 0 
0 1 0 1 0 
0 1 1 0 1 
1 0 0 0 1 
1 0 1 0 1 
1 0 1 1 0 

Design 500
0 1 0 1 0 
0 1 0 1 0 
0 1 1 0 1 
1 0 0 1 0 
1 0 1 0 1 
1 0 1 0 1 

Design 501
0 1 0 1 0 
0 1 0 1 0 
0 1 1 0 1 
1 0 0 1 1 
1 0 1 0 0 
1 0 1 0 1 

Design 502
0 1 0 1 0 
0 1 0 1 0 
0 1 1 1 0 
1 0 0 0 1 
1 0 1 0 1 
1 0 1 0 1 

Design 503
0 1 0 1 0 
0 1 0 1 1 
0 1 0 1 1 
1 0 1 0 0 
1 0 1 0 0 
1 0 1 0 1 

Design 504
0 1 0 1 0 
0 1 0 1 1 
0 1 1 0 0 
1 0 0 0 1 
1 0 1 0 1 
1 0 1 1 0 

Design 505
0 1 0 1 0 
0 1 0 1 1 
0 1 1 0 0 
1 0 0 1 0 
1 0 1 0 1 
1 0 1 0 1 

Design 506
0 1 0 1 0 
0 1 0 1 1 
0 1 1 0 0 
1 0 0 1 1 
1 0 1 0 0 
1 0 1 0 1 

Design 507
0 1 0 1 0 
0 1 0 1 1 
0 1 1 0 1 
1 0 0 0 1 
1 0 1 0 0 
1 0 1 1 0 

Design 508
0 1 0 1 0 
0 1 0 1 1 
0 1 1 0 1 
1 0 0 1 0 
1 0 1 0 0 
1 0 1 0 1 

Design 509
0 1 0 1 0 
0 1 0 1 1 
0 1 1 0 1 
1 0 0 1 1 
1 0 1 0 0 
1 0 1 0 0 

Design 510
0 1 0 1 0 
0 1 0 1 1 
0 1 1 1 0 
1 0 0 0 1 
1 0 1 0 0 
1 0 1 0 1 

Design 511
0 1 0 1 0 
0 1 1 0 0 
0 1 1 0 0 
1 0 0 1 1 
1 0 0 1 1 
1 0 1 0 1 

Design 512
0 1 0 1 0 
0 1 1 0 0 
0 1 1 0 1 
1 0 0 0 1 
1 0 0 1 1 
1 0 1 1 0 

Design 513
0 1 0 1 0 
0 1 1 0 0 
0 1 1 0 1 
1 0 0 1 0 
1 0 0 1 1 
1 0 1 0 1 

Design 514
0 1 0 1 0 
0 1 1 0 0 
0 1 1 0 1 
1 0 0 1 1 
1 0 0 1 1 
1 0 1 0 0 

Design 515
0 1 0 1 0 
0 1 1 0 0 
0 1 1 1 0 
1 0 0 0 1 
1 0 0 1 1 
1 0 1 0 1 

Design 516
0 1 0 1 0 
0 1 1 0 1 
0 1 1 0 1 
1 0 0 0 1 
1 0 0 1 0 
1 0 1 1 0 

Design 517
0 1 0 1 0 
0 1 1 0 1 
0 1 1 0 1 
1 0 0 1 0 
1 0 0 1 0 
1 0 1 0 1 

Design 518
0 1 0 1 0 
0 1 1 0 1 
0 1 1 0 1 
1 0 0 1 0 
1 0 0 1 1 
1 0 1 0 0 

Design 519
0 1 0 1 0 
0 1 1 0 1 
0 1 1 1 0 
1 0 0 0 1 
1 0 0 0 1 
1 0 1 1 0 

Design 520
0 1 0 1 0 
0 1 1 0 1 
0 1 1 1 0 
1 0 0 0 1 
1 0 0 1 0 
1 0 1 0 1 

Design 521
0 1 0 1 0 
0 1 1 0 1 
0 1 1 1 0 
1 0 0 0 1 
1 0 0 1 1 
1 0 1 0 0 

Design 522
0 1 0 1 0 
0 1 1 1 0 
0 1 1 1 0 
1 0 0 0 1 
1 0 0 0 1 
1 0 1 0 1 

Design 523
0 1 0 1 1 
0 1 0 1 1 
0 1 0 1 1 
1 0 1 0 0 
1 0 1 0 0 
1 0 1 0 0 

Design 524
0 1 0 1 1 
0 1 0 1 1 
0 1 1 0 0 
1 0 0 0 1 
1 0 1 0 0 
1 0 1 1 0 

Design 525
0 1 0 1 1 
0 1 0 1 1 
0 1 1 0 0 
1 0 0 1 0 
1 0 1 0 0 
1 0 1 0 1 

Design 526
0 1 0 1 1 
0 1 0 1 1 
0 1 1 0 0 
1 0 0 1 1 
1 0 1 0 0 
1 0 1 0 0 

Design 527
0 1 0 1 1 
0 1 0 1 1 
0 1 1 0 1 
1 0 0 1 0 
1 0 1 0 0 
1 0 1 0 0 

Design 528
0 1 0 1 1 
0 1 0 1 1 
0 1 1 1 0 
1 0 0 0 1 
1 0 1 0 0 
1 0 1 0 0 

Design 529
0 1 0 1 1 
0 1 1 0 0 
0 1 1 0 0 
1 0 0 0 1 
1 0 0 1 1 
1 0 1 1 0 

Design 530
0 1 0 1 1 
0 1 1 0 0 
0 1 1 0 0 
1 0 0 1 0 
1 0 0 1 1 
1 0 1 0 1 

Design 531
0 1 0 1 1 
0 1 1 0 0 
0 1 1 0 0 
1 0 0 1 1 
1 0 0 1 1 
1 0 1 0 0 

Design 532
0 1 0 1 1 
0 1 1 0 0 
0 1 1 0 1 
1 0 0 0 1 
1 0 0 1 0 
1 0 1 1 0 

Design 533
0 1 0 1 1 
0 1 1 0 0 
0 1 1 0 1 
1 0 0 1 0 
1 0 0 1 0 
1 0 1 0 1 

Design 534
0 1 0 1 1 
0 1 1 0 0 
0 1 1 0 1 
1 0 0 1 0 
1 0 0 1 1 
1 0 1 0 0 

Design 535
0 1 0 1 1 
0 1 1 0 0 
0 1 1 1 0 
1 0 0 0 1 
1 0 0 0 1 
1 0 1 1 0 

Design 536
0 1 0 1 1 
0 1 1 0 0 
0 1 1 1 0 
1 0 0 0 1 
1 0 0 1 0 
1 0 1 0 1 

Design 537
0 1 0 1 1 
0 1 1 0 0 
0 1 1 1 0 
1 0 0 0 1 
1 0 0 1 1 
1 0 1 0 0 

Design 538
0 1 0 1 1 
0 1 1 0 1 
0 1 1 0 1 
1 0 0 1 0 
1 0 0 1 0 
1 0 1 0 0 

Design 539
0 1 0 1 1 
0 1 1 0 1 
0 1 1 1 0 
1 0 0 0 1 
1 0 0 1 0 
1 0 1 0 0 

Design 540
0 1 0 1 1 
0 1 1 1 0 
0 1 1 1 0 
1 0 0 0 1 
1 0 0 0 1 
1 0 1 0 0 

Design 541
0 1 1 0 0 
0 1 1 0 0 
0 1 1 0 0 
1 0 0 1 1 
1 0 0 1 1 
1 0 0 1 1 

Design 542
0 1 1 0 0 
0 1 1 0 0 
0 1 1 0 1 
1 0 0 1 0 
1 0 0 1 1 
1 0 0 1 1 

Design 543
0 1 1 0 0 
0 1 1 0 0 
0 1 1 1 0 
1 0 0 0 1 
1 0 0 1 1 
1 0 0 1 1 

Design 544
0 1 1 0 0 
0 1 1 0 1 
0 1 1 0 1 
1 0 0 1 0 
1 0 0 1 0 
1 0 0 1 1 

Design 545
0 1 1 0 0 
0 1 1 0 1 
0 1 1 1 0 
1 0 0 0 1 
1 0 0 1 0 
1 0 0 1 1 

Design 546
0 1 1 0 0 
0 1 1 1 0 
0 1 1 1 0 
1 0 0 0 1 
1 0 0 0 1 
1 0 0 1 1 

Design 547
0 1 1 0 1 
0 1 1 0 1 
0 1 1 0 1 
1 0 0 1 0 
1 0 0 1 0 
1 0 0 1 0 

Design 548
0 1 1 0 1 
0 1 1 0 1 
0 1 1 1 0 
1 0 0 0 1 
1 0 0 1 0 
1 0 0 1 0 

Design 549
0 1 1 0 1 
0 1 1 1 0 
0 1 1 1 0 
1 0 0 0 1 
1 0 0 0 1 
1 0 0 1 0 

Design 550
0 1 1 1 0 
0 1 1 1 0 
0 1 1 1 0 
1 0 0 0 1 
1 0 0 0 1 
1 0 0 0 1 

