Design 1
0 0 0 1 1 
0 0 0 1 1 
0 0 0 1 1 
1 1 1 0 0 
1 1 1 0 0 
1 1 1 0 0 

Design 2
0 0 0 1 1 
0 0 0 1 1 
0 0 1 0 1 
1 1 0 1 0 
1 1 1 0 0 
1 1 1 0 0 

Design 3
0 0 0 1 1 
0 0 0 1 1 
0 0 1 1 1 
1 1 0 0 0 
1 1 1 0 0 
1 1 1 0 0 

Design 4
0 0 0 1 1 
0 0 0 1 1 
0 1 1 0 0 
1 0 0 1 1 
1 1 1 0 0 
1 1 1 0 0 

Design 5
0 0 0 1 1 
0 0 0 1 1 
0 1 1 0 0 
1 0 1 0 1 
1 1 0 1 0 
1 1 1 0 0 

Design 6
0 0 0 1 1 
0 0 0 1 1 
0 1 1 0 1 
1 0 0 1 0 
1 1 1 0 0 
1 1 1 0 0 

Design 7
0 0 0 1 1 
0 0 0 1 1 
0 1 1 0 1 
1 0 1 0 0 
1 1 0 1 0 
1 1 1 0 0 

Design 8
0 0 0 1 1 
0 0 0 1 1 
0 1 1 0 1 
1 0 1 1 0 
1 1 0 0 0 
1 1 1 0 0 

Design 9
0 0 0 1 1 
0 0 1 0 1 
0 0 1 0 1 
1 1 0 1 0 
1 1 0 1 0 
1 1 1 0 0 

Design 10
0 0 0 1 1 
0 0 1 0 1 
0 0 1 1 0 
1 1 0 0 1 
1 1 0 1 0 
1 1 1 0 0 

Design 11
0 0 0 1 1 
0 0 1 0 1 
0 0 1 1 1 
1 1 0 0 0 
1 1 0 1 0 
1 1 1 0 0 

Design 12
0 0 0 1 1 
0 0 1 0 1 
0 1 0 0 1 
1 0 1 1 0 
1 1 0 1 0 
1 1 1 0 0 

Design 13
0 0 0 1 1 
0 0 1 0 1 
0 1 0 1 0 
1 0 0 1 1 
1 1 1 0 0 
1 1 1 0 0 

Design 14
0 0 0 1 1 
0 0 1 0 1 
0 1 0 1 0 
1 0 1 0 1 
1 1 0 1 0 
1 1 1 0 0 

Design 15
0 0 0 1 1 
0 0 1 0 1 
0 1 0 1 0 
1 0 1 1 0 
1 1 0 0 1 
1 1 1 0 0 

Design 16
0 0 0 1 1 
0 0 1 0 1 
0 1 0 1 1 
1 0 0 1 0 
1 1 1 0 0 
1 1 1 0 0 

Design 17
0 0 0 1 1 
0 0 1 0 1 
0 1 0 1 1 
1 0 1 0 0 
1 1 0 1 0 
1 1 1 0 0 

Design 18
0 0 0 1 1 
0 0 1 0 1 
0 1 0 1 1 
1 0 1 1 0 
1 1 0 0 0 
1 1 1 0 0 

Design 19
0 0 0 1 1 
0 0 1 0 1 
0 1 1 0 0 
1 0 0 1 1 
1 1 0 1 0 
1 1 1 0 0 

Design 20
0 0 0 1 1 
0 0 1 0 1 
0 1 1 0 0 
1 0 1 0 1 
1 1 0 1 0 
1 1 0 1 0 

Design 21
0 0 0 1 1 
0 0 1 0 1 
0 1 1 0 0 
1 0 1 1 0 
1 1 0 0 1 
1 1 0 1 0 

Design 22
0 0 0 1 1 
0 0 1 0 1 
0 1 1 0 1 
1 0 0 1 0 
1 1 0 1 0 
1 1 1 0 0 

Design 23
0 0 0 1 1 
0 0 1 0 1 
0 1 1 0 1 
1 0 1 0 0 
1 1 0 1 0 
1 1 0 1 0 

Design 24
0 0 0 1 1 
0 0 1 0 1 
0 1 1 0 1 
1 0 1 1 0 
1 1 0 0 0 
1 1 0 1 0 

Design 25
0 0 0 1 1 
0 0 1 0 1 
0 1 1 1 0 
1 0 0 0 1 
1 1 0 1 0 
1 1 1 0 0 

Design 26
0 0 0 1 1 
0 0 1 0 1 
0 1 1 1 0 
1 0 0 1 0 
1 1 0 0 1 
1 1 1 0 0 

Design 27
0 0 0 1 1 
0 0 1 0 1 
0 1 1 1 0 
1 0 0 1 1 
1 1 0 0 0 
1 1 1 0 0 

Design 28
0 0 0 1 1 
0 0 1 0 1 
0 1 1 1 0 
1 0 1 0 0 
1 1 0 0 1 
1 1 0 1 0 

Design 29
0 0 0 1 1 
0 0 1 0 1 
0 1 1 1 0 
1 0 1 0 1 
1 1 0 0 0 
1 1 0 1 0 

Design 30
0 0 0 1 1 
0 0 1 0 1 
0 1 1 1 0 
1 0 1 1 0 
1 1 0 0 0 
1 1 0 0 1 

Design 31
0 0 0 1 1 
0 0 1 1 0 
0 1 1 0 0 
1 0 1 0 1 
1 1 0 0 1 
1 1 0 1 0 

Design 32
0 0 0 1 1 
0 0 1 1 0 
0 1 1 0 1 
1 0 1 0 0 
1 1 0 0 1 
1 1 0 1 0 

Design 33
0 0 0 1 1 
0 0 1 1 1 
0 0 1 1 1 
1 1 0 0 0 
1 1 0 0 0 
1 1 1 0 0 

Design 34
0 0 0 1 1 
0 0 1 1 1 
0 1 0 0 1 
1 0 0 1 0 
1 1 1 0 0 
1 1 1 0 0 

Design 35
0 0 0 1 1 
0 0 1 1 1 
0 1 0 0 1 
1 0 1 0 0 
1 1 0 1 0 
1 1 1 0 0 

Design 36
0 0 0 1 1 
0 0 1 1 1 
0 1 0 0 1 
1 0 1 1 0 
1 1 0 0 0 
1 1 1 0 0 

Design 37
0 0 0 1 1 
0 0 1 1 1 
0 1 0 1 1 
1 0 1 0 0 
1 1 0 0 0 
1 1 1 0 0 

Design 38
0 0 0 1 1 
0 0 1 1 1 
0 1 1 0 0 
1 0 0 0 1 
1 1 0 1 0 
1 1 1 0 0 

Design 39
0 0 0 1 1 
0 0 1 1 1 
0 1 1 0 0 
1 0 0 1 1 
1 1 0 0 0 
1 1 1 0 0 

Design 40
0 0 0 1 1 
0 0 1 1 1 
0 1 1 0 0 
1 0 1 0 0 
1 1 0 0 1 
1 1 0 1 0 

Design 41
0 0 0 1 1 
0 0 1 1 1 
0 1 1 0 0 
1 0 1 0 1 
1 1 0 0 0 
1 1 0 1 0 

Design 42
0 0 0 1 1 
0 0 1 1 1 
0 1 1 0 1 
1 0 0 1 0 
1 1 0 0 0 
1 1 1 0 0 

Design 43
0 0 0 1 1 
0 0 1 1 1 
0 1 1 0 1 
1 0 1 0 0 
1 1 0 0 0 
1 1 0 1 0 

Design 44
0 0 0 1 1 
0 0 1 1 1 
0 1 1 0 1 
1 0 1 1 0 
1 1 0 0 0 
1 1 0 0 0 

Design 45
0 0 0 1 1 
0 1 0 0 1 
0 1 1 0 0 
1 0 1 0 1 
1 0 1 1 0 
1 1 0 1 0 

Design 46
0 0 0 1 1 
0 1 0 0 1 
0 1 1 0 0 
1 0 1 1 0 
1 0 1 1 0 
1 1 0 0 1 

Design 47
0 0 0 1 1 
0 1 0 0 1 
0 1 1 0 1 
1 0 1 0 0 
1 0 1 1 0 
1 1 0 1 0 

Design 48
0 0 0 1 1 
0 1 0 0 1 
0 1 1 0 1 
1 0 1 1 0 
1 0 1 1 0 
1 1 0 0 0 

Design 49
0 0 0 1 1 
0 1 0 0 1 
0 1 1 1 0 
1 0 1 0 0 
1 0 1 0 1 
1 1 0 1 0 

Design 50
0 0 0 1 1 
0 1 0 0 1 
0 1 1 1 0 
1 0 1 0 0 
1 0 1 1 0 
1 1 0 0 1 

Design 51
0 0 0 1 1 
0 1 0 0 1 
0 1 1 1 0 
1 0 1 0 1 
1 0 1 1 0 
1 1 0 0 0 

Design 52
0 0 0 1 1 
0 1 0 1 0 
0 1 1 0 0 
1 0 1 0 1 
1 0 1 1 0 
1 1 0 0 1 

Design 53
0 0 0 1 1 
0 1 0 1 0 
0 1 1 0 1 
1 0 1 0 1 
1 0 1 1 0 
1 1 0 0 0 

Design 54
0 0 0 1 1 
0 1 0 1 1 
0 1 1 0 0 
1 0 1 0 0 
1 0 1 0 1 
1 1 0 1 0 

Design 55
0 0 0 1 1 
0 1 0 1 1 
0 1 1 0 0 
1 0 1 0 1 
1 0 1 1 0 
1 1 0 0 0 

Design 56
0 0 0 1 1 
0 1 0 1 1 
0 1 1 0 1 
1 0 1 0 0 
1 0 1 0 0 
1 1 0 1 0 

Design 57
0 0 0 1 1 
0 1 0 1 1 
0 1 1 0 1 
1 0 1 0 0 
1 0 1 1 0 
1 1 0 0 0 

Design 58
0 0 0 1 1 
0 1 1 0 0 
0 1 1 0 0 
1 0 0 1 1 
1 0 0 1 1 
1 1 1 0 0 

Design 59
0 0 0 1 1 
0 1 1 0 0 
0 1 1 0 0 
1 0 0 1 1 
1 0 1 0 1 
1 1 0 1 0 

Design 60
0 0 0 1 1 
0 1 1 0 0 
0 1 1 0 1 
1 0 0 0 1 
1 0 1 1 0 
1 1 0 1 0 

Design 61
0 0 0 1 1 
0 1 1 0 0 
0 1 1 0 1 
1 0 0 1 0 
1 0 0 1 1 
1 1 1 0 0 

Design 62
0 0 0 1 1 
0 1 1 0 0 
0 1 1 0 1 
1 0 0 1 0 
1 0 1 0 1 
1 1 0 1 0 

Design 63
0 0 0 1 1 
0 1 1 0 0 
0 1 1 0 1 
1 0 0 1 0 
1 0 1 1 0 
1 1 0 0 1 

Design 64
0 0 0 1 1 
0 1 1 0 0 
0 1 1 0 1 
1 0 0 1 1 
1 0 1 0 0 
1 1 0 1 0 

Design 65
0 0 0 1 1 
0 1 1 0 0 
0 1 1 0 1 
1 0 0 1 1 
1 0 1 1 0 
1 1 0 0 0 

Design 66
0 0 0 1 1 
0 1 1 0 1 
0 1 1 0 1 
1 0 0 1 0 
1 0 0 1 0 
1 1 1 0 0 

Design 67
0 0 0 1 1 
0 1 1 0 1 
0 1 1 0 1 
1 0 0 1 0 
1 0 1 0 0 
1 1 0 1 0 

Design 68
0 0 0 1 1 
0 1 1 0 1 
0 1 1 0 1 
1 0 0 1 0 
1 0 1 1 0 
1 1 0 0 0 

Design 69
0 0 0 1 1 
0 1 1 0 1 
0 1 1 1 0 
1 0 0 0 1 
1 0 0 1 0 
1 1 1 0 0 

Design 70
0 0 0 1 1 
0 1 1 0 1 
0 1 1 1 0 
1 0 0 0 1 
1 0 1 0 0 
1 1 0 1 0 

Design 71
0 0 0 1 1 
0 1 1 0 1 
0 1 1 1 0 
1 0 0 0 1 
1 0 1 1 0 
1 1 0 0 0 

Design 72
0 0 0 1 1 
0 1 1 0 1 
0 1 1 1 0 
1 0 0 1 0 
1 0 1 0 0 
1 1 0 0 1 

Design 73
0 0 0 1 1 
0 1 1 0 1 
0 1 1 1 0 
1 0 0 1 0 
1 0 1 0 1 
1 1 0 0 0 

Design 74
0 0 0 1 1 
0 1 1 0 1 
0 1 1 1 0 
1 0 0 1 1 
1 0 1 0 0 
1 1 0 0 0 

Design 75
0 0 1 0 1 
0 0 1 0 1 
0 1 0 1 0 
1 0 0 1 1 
1 1 0 1 0 
1 1 1 0 0 

Design 76
0 0 1 0 1 
0 0 1 0 1 
0 1 0 1 1 
1 0 0 1 0 
1 1 0 1 0 
1 1 1 0 0 

Design 77
0 0 1 0 1 
0 0 1 1 0 
0 1 0 0 1 
1 0 0 1 1 
1 1 0 1 0 
1 1 1 0 0 

Design 78
0 0 1 0 1 
0 0 1 1 0 
0 1 0 1 1 
1 0 0 0 1 
1 1 0 1 0 
1 1 1 0 0 

Design 79
0 0 1 0 1 
0 0 1 1 1 
0 1 0 0 1 
1 0 0 1 0 
1 1 0 1 0 
1 1 1 0 0 

Design 80
0 0 1 0 1 
0 0 1 1 1 
0 1 0 1 0 
1 0 0 0 1 
1 1 0 1 0 
1 1 1 0 0 

Design 81
0 0 1 0 1 
0 1 0 0 1 
0 1 1 1 0 
1 0 0 1 0 
1 0 1 0 1 
1 1 0 1 0 

Design 82
0 0 1 0 1 
0 1 0 0 1 
0 1 1 1 0 
1 0 0 1 1 
1 0 1 0 0 
1 1 0 1 0 

Design 83
0 0 1 0 1 
0 1 0 1 0 
0 1 0 1 0 
1 0 0 1 1 
1 0 1 0 1 
1 1 1 0 0 

Design 84
0 0 1 0 1 
0 1 0 1 0 
0 1 0 1 1 
1 0 0 1 0 
1 0 1 0 1 
1 1 1 0 0 

Design 85
0 0 1 0 1 
0 1 0 1 0 
0 1 0 1 1 
1 0 0 1 1 
1 0 1 0 0 
1 1 1 0 0 

Design 86
0 0 1 0 1 
0 1 0 1 0 
0 1 1 0 0 
1 0 0 1 1 
1 0 0 1 1 
1 1 1 0 0 

Design 87
0 0 1 0 1 
0 1 0 1 0 
0 1 1 0 0 
1 0 0 1 1 
1 0 1 0 1 
1 1 0 1 0 

Design 88
0 0 1 0 1 
0 1 0 1 0 
0 1 1 0 0 
1 0 0 1 1 
1 0 1 1 0 
1 1 0 0 1 

Design 89
0 0 1 0 1 
0 1 0 1 0 
0 1 1 0 1 
1 0 0 0 1 
1 0 1 1 0 
1 1 0 1 0 

Design 90
0 0 1 0 1 
0 1 0 1 0 
0 1 1 0 1 
1 0 0 1 0 
1 0 0 1 1 
1 1 1 0 0 

Design 91
0 0 1 0 1 
0 1 0 1 0 
0 1 1 0 1 
1 0 0 1 0 
1 0 1 0 1 
1 1 0 1 0 

Design 92
0 0 1 0 1 
0 1 0 1 0 
0 1 1 0 1 
1 0 0 1 1 
1 0 1 0 0 
1 1 0 1 0 

Design 93
0 0 1 0 1 
0 1 0 1 0 
0 1 1 0 1 
1 0 0 1 1 
1 0 1 1 0 
1 1 0 0 0 

Design 94
0 0 1 0 1 
0 1 0 1 0 
0 1 1 1 0 
1 0 0 1 1 
1 0 1 0 0 
1 1 0 0 1 

Design 95
0 0 1 0 1 
0 1 0 1 0 
0 1 1 1 0 
1 0 0 1 1 
1 0 1 0 1 
1 1 0 0 0 

Design 96
0 0 1 0 1 
0 1 0 1 1 
0 1 0 1 1 
1 0 0 1 0 
1 0 1 0 0 
1 1 1 0 0 

Design 97
0 0 1 0 1 
0 1 0 1 1 
0 1 1 0 0 
1 0 0 0 1 
1 0 1 1 0 
1 1 0 1 0 

Design 98
0 0 1 0 1 
0 1 0 1 1 
0 1 1 0 0 
1 0 0 1 0 
1 0 0 1 1 
1 1 1 0 0 

Design 99
0 0 1 0 1 
0 1 0 1 1 
0 1 1 0 0 
1 0 0 1 0 
1 0 1 0 1 
1 1 0 1 0 

Design 100
0 0 1 0 1 
0 1 0 1 1 
0 1 1 0 0 
1 0 0 1 0 
1 0 1 1 0 
1 1 0 0 1 

Design 101
0 0 1 0 1 
0 1 0 1 1 
0 1 1 0 0 
1 0 0 1 1 
1 0 1 0 0 
1 1 0 1 0 

Design 102
0 0 1 0 1 
0 1 0 1 1 
0 1 1 0 0 
1 0 0 1 1 
1 0 1 1 0 
1 1 0 0 0 

Design 103
0 0 1 0 1 
0 1 0 1 1 
0 1 1 0 1 
1 0 0 1 0 
1 0 0 1 0 
1 1 1 0 0 

Design 104
0 0 1 0 1 
0 1 0 1 1 
0 1 1 0 1 
1 0 0 1 0 
1 0 1 0 0 
1 1 0 1 0 

Design 105
0 0 1 0 1 
0 1 0 1 1 
0 1 1 0 1 
1 0 0 1 0 
1 0 1 1 0 
1 1 0 0 0 

Design 106
0 0 1 0 1 
0 1 0 1 1 
0 1 1 1 0 
1 0 0 1 0 
1 0 1 0 0 
1 1 0 0 1 

Design 107
0 0 1 0 1 
0 1 0 1 1 
0 1 1 1 0 
1 0 0 1 0 
1 0 1 0 1 
1 1 0 0 0 

Design 108
0 0 1 0 1 
0 1 0 1 1 
0 1 1 1 0 
1 0 0 1 1 
1 0 1 0 0 
1 1 0 0 0 

Design 109
0 0 1 1 0 
0 1 0 0 1 
0 1 0 1 0 
1 0 0 1 1 
1 0 1 0 1 
1 1 1 0 0 

Design 110
0 0 1 1 0 
0 1 0 1 1 
0 1 1 0 1 
1 0 0 0 1 
1 0 0 1 0 
1 1 1 0 0 

Design 111
0 0 1 1 1 
0 0 1 1 1 
0 0 1 1 1 
1 1 0 0 0 
1 1 0 0 0 
1 1 0 0 0 

Design 112
0 0 1 1 1 
0 0 1 1 1 
0 1 0 0 1 
1 0 0 1 0 
1 1 0 0 0 
1 1 1 0 0 

Design 113
0 0 1 1 1 
0 0 1 1 1 
0 1 0 0 1 
1 0 1 1 0 
1 1 0 0 0 
1 1 0 0 0 

Design 114
0 0 1 1 1 
0 0 1 1 1 
0 1 0 1 1 
1 0 1 0 0 
1 1 0 0 0 
1 1 0 0 0 

Design 115
0 0 1 1 1 
0 1 0 0 1 
0 1 0 0 1 
1 0 0 1 0 
1 0 1 1 0 
1 1 1 0 0 

Design 116
0 0 1 1 1 
0 1 0 0 1 
0 1 0 0 1 
1 0 1 1 0 
1 0 1 1 0 
1 1 0 0 0 

Design 117
0 0 1 1 1 
0 1 0 0 1 
0 1 0 1 0 
1 0 0 0 1 
1 0 1 1 0 
1 1 1 0 0 

Design 118
0 0 1 1 1 
0 1 0 0 1 
0 1 0 1 0 
1 0 0 1 0 
1 0 1 0 1 
1 1 1 0 0 

Design 119
0 0 1 1 1 
0 1 0 0 1 
0 1 0 1 0 
1 0 0 1 1 
1 0 1 0 0 
1 1 1 0 0 

Design 120
0 0 1 1 1 
0 1 0 0 1 
0 1 0 1 0 
1 0 1 0 0 
1 0 1 0 1 
1 1 0 1 0 

Design 121
0 0 1 1 1 
0 1 0 0 1 
0 1 0 1 0 
1 0 1 0 0 
1 0 1 1 0 
1 1 0 0 1 

Design 122
0 0 1 1 1 
0 1 0 0 1 
0 1 0 1 0 
1 0 1 0 1 
1 0 1 1 0 
1 1 0 0 0 

Design 123
0 0 1 1 1 
0 1 0 0 1 
0 1 0 1 1 
1 0 0 1 0 
1 0 1 0 0 
1 1 1 0 0 

Design 124
0 0 1 1 1 
0 1 0 0 1 
0 1 0 1 1 
1 0 1 0 0 
1 0 1 0 0 
1 1 0 1 0 

Design 125
0 0 1 1 1 
0 1 0 0 1 
0 1 0 1 1 
1 0 1 0 0 
1 0 1 1 0 
1 1 0 0 0 

Design 126
0 0 1 1 1 
0 1 0 0 1 
0 1 1 0 0 
1 0 0 1 0 
1 0 1 0 1 
1 1 0 1 0 

Design 127
0 0 1 1 1 
0 1 0 0 1 
0 1 1 0 0 
1 0 0 1 1 
1 0 1 0 0 
1 1 0 1 0 

Design 128
0 0 1 1 1 
0 1 0 0 1 
0 1 1 0 1 
1 0 0 1 0 
1 0 1 0 0 
1 1 0 1 0 

Design 129
0 0 1 1 1 
0 1 0 0 1 
0 1 1 1 0 
1 0 0 0 1 
1 0 0 1 0 
1 1 1 0 0 

Design 130
0 0 1 1 1 
0 1 0 0 1 
0 1 1 1 0 
1 0 0 0 1 
1 0 1 1 0 
1 1 0 0 0 

Design 131
0 0 1 1 1 
0 1 0 0 1 
0 1 1 1 0 
1 0 0 1 0 
1 0 1 0 0 
1 1 0 0 1 

Design 132
0 0 1 1 1 
0 1 0 0 1 
0 1 1 1 0 
1 0 0 1 0 
1 0 1 0 1 
1 1 0 0 0 

Design 133
0 0 1 1 1 
0 1 0 0 1 
0 1 1 1 0 
1 0 0 1 1 
1 0 1 0 0 
1 1 0 0 0 

Design 134
0 0 1 1 1 
0 1 0 1 0 
0 1 1 0 1 
1 0 0 0 1 
1 0 0 1 0 
1 1 1 0 0 

Design 135
0 0 1 1 1 
0 1 0 1 1 
0 1 0 1 1 
1 0 1 0 0 
1 0 1 0 0 
1 1 0 0 0 

Design 136
0 0 1 1 1 
0 1 0 1 1 
0 1 1 0 0 
1 0 0 0 1 
1 0 0 1 0 
1 1 1 0 0 

Design 137
0 0 1 1 1 
0 1 0 1 1 
0 1 1 0 0 
1 0 0 0 1 
1 0 1 0 0 
1 1 0 1 0 

Design 138
0 0 1 1 1 
0 1 0 1 1 
0 1 1 0 0 
1 0 0 0 1 
1 0 1 1 0 
1 1 0 0 0 

Design 139
0 0 1 1 1 
0 1 0 1 1 
0 1 1 0 0 
1 0 0 1 1 
1 0 1 0 0 
1 1 0 0 0 

Design 140
0 0 1 1 1 
0 1 0 1 1 
0 1 1 0 1 
1 0 0 1 0 
1 0 1 0 0 
1 1 0 0 0 

